738510
500749
923688
685819
269327
962408
21993
782150
923195
575326
272913
449057
790695
300944
541006
218189
717455
733380
684713
247847
791910
923690
716388
715224
714792
422898
426644
370650
909871
677678
900706
198917
886277
792973
427496
102241
861943
506139
930819
62821
857924
157114
787184
467532
852958
411526
185443
244952
953540
485090
279718
640099
978155
494058
715165
715334
106067
80473
434564
23722
816751
518884
921815
246790
336842
922372
284883
458025
893182
599451
988873
113924
955362
263692
989281
217110
664691
48998
607555
497078
602840
537186
964468
454779
537615
696531
512840
655585
848251
106407
816354
586023
828500
373467
826315
391570
604504
423721
412062
914047
415966
323107
789195
20707
41144
676279
458381
477273
105750
446231
989015
821246
417181
603572
915188
324677
105322
800079
567994
642892
829059
839691
101789
567970
56045
446891
798118
497020
608549
834614
536901
604987
905518
605455
949561
218872
383045
265260
565691
920077
777215
404096
536314
972666
757215
401127
638446
449462
480041
994278
720211
826236
810103
565941
762613
391415
406208
373246
654803
440674
479199
899598
105550
807707
113272
826061
910992
572883
446865
906086
447065
446096
132433
338802
459839
570870
883404
768037
781436
828298
791743
580197
941987
428283
50791
37735
642676
855341
637202
817456
149633
833328
433435
443211
797271
908534
995780
569612
644830
151849
568062
913313
903130
535624
289059
713844
68810
546739
654474
797963
272695
528108
35296
218366
434655
502388
26372
503085
959703
445540
558428
569121
824958
99281
124503
756409
560353
518405
686836
228721
567966
814259
851111
868042
452221
529553
785038
995759
570528
791138
648898
821538
762342
699184
686620
305530
24527
470237
458005
810755
583760
16310
410081
537121
810956
615193
746661
606267
911648
614942
682894
423168
824102
664059
850913
612341
90282
174246
329950
911082
916459
428087
32614
444920
496750
314078
448900
614971
322435
487023
227180
84675
653670
338386
390903
949899
921788
466188
279916
553149
591398
546252
420906
282227
904206
359047
446120
166183
480671
336659
547811
580633
471296
898915
476773
222085
524723
956167
658554
236967
63836
431463
154940
294698
473868
896058
718227
254986
768817
39139
295017
373180
802023
525276
235649
229711
811109
505237
55589
409502
410218
206478
256686
249004
527956
368359
62780
524497
530867
724665
218404
664219
809582
309602
415597
25604
216520
99479
281458
897254
474504
80263
379216
909599
736649
588235
602611
105796
15373
57204
169059
289453
811036
451277
600845
836127
855166
56526
743646
216224
814288
893532
415498
570452
465143
46643
298982
56230
544239
227659
661835
683384
65161
767925
88991
537074
57599
695624
521116
416511
958150
463826
141416
758070
943753
45616
448404
514125
530876
190398
603383
965467
602514
449112
663683
721633
309348
519465
219042
367942
482013
363674
950060
944065
973832
722086
832935
607015
719188
606809
504747
476824
39592
449595
295143
821375
219784
603793
42037
736346
352155
809173
496703
151391
30147
471477
140472
749666
68476
188160
56173
428452
604679
601677
446614
815258
152485
422760
607082
973329
81988
594109
279227
908432
873719
293060
605493
69011
435379
749228
714607
299726
609129
195440
500712
994855
293524
163587
696497
520670
114188
502175
571149
281942
238630
287276
211366
505016
211535
721552
447573
131562
124982
73501
473666
297409
567695
628376
518106
219322
974264
644588
375572
443228
656132
853585
986158
963104
88104
996702
325949
944868
741941
242023
218210
55779
51152
374498
769932
424622
644420
719462
841120
291012
653957
541371
442547
429045
301175
734321
543469
124033
353736
305783
687431
679530
795669
873937
333381
664231
524576
600797
853456
840406
687283
409367
209461
80632
153331
884762
519856
963832
215149
519102
468978
293455
370662
397049
496994
720131
225021
46821
505395
180720
252186
751505
278855
90522
423114
663630
322702
182417
183254
489589
68458
505535
680684
522740
17588
525246
725755
310515
418559
549045
481559
79659
839111
30217
903032
517226
509286
545433
293180
687948
720351
30168
571879
283306
569407
498447
780573
83687
463131
800283
389902
658346
376204
232153
992436
438575
904076
868113
495280
661301
346971
321746
952944
366299
828060
671204
107989
716713
715202
771503
698745
262394
738444
720006
834215
565966
297237
713568
672137
870725
200046
509794
670762
634577
219260
465067
367504
141109
749490
180050
89135
534362
792762
415291
523095
683991
279447
479021
901279
90286
891185
691524
638268
771784
313662
78408
908005
549564
904600
679907
502216
821429
424900
420432
216885
790741
37984
950831
432901
809534
115520
590607
296613
944841
904787
973247
784975
784968
416914
800747
248074
422191
887770
293482
278773
261327
654267
310293
524437
449191
534627
176013
432418
342226
307845
259154
526086
929101
310647
182754
261041
746791
510911
851352
149323
227965
497151
955293
183788
382014
279563
742747
903579
912363
305542
736429
524048
646912
742224
892866
231295
517152
11314
767467
834777
519455
726020
431597
221573
990137
610629
925705
313060
989539
723116
325380
823640
5730
886306
516622
498132
703156
826501
21932
942288
790267
327116
55229
30440
427057
600194
364066
348701
459152
458334
742232
364753
534977
390184
569251
607937
431293
480744
430676
509877
698423
459547
808352
572563
526671
663351
232278
607408
787667
873435
780106
390260
130503
723162
65786
135635
187811
785230
487459
282321
53887
966929
811202
926316
243592
384717
702994
86347
570030
235751
719611
799485
396850
5652
554847
379486
296646
708761
945091
719163
32205
96734
815260
293694
284906
60136
255689
283172
104692
609855
815415
420053
337311
615367
84257
487400
532628
466735
638038
850670
818020
46230
351772
337244
522377
423508
499546
206969
320863
94908
271618
422629
597286
42150
721765
884433
751707
128019
158328
662800
508392
663552
467302
329043
355851
295574
528985
369363
718023
122366
469561
822992
530205
923462
18369
861079
501911
522248
515129
214551
658186
660777
747686
294937
427003
248004
600997
283693
413823
536166
466910
67837
430099
170740
982923
722038
630571
87085
54311
19337
740946
590167
153703
322359
93620
448352
140323
172959
567828
529345
529478
332871
414694
280674
637965
272318
108395
724297
844254
376484
620600
105070
469133
535013
554
365577
30071
560624
736949
30047
685911
131389
733410
1525
91673
452067
558337
358506
313244
134899
486019
633312
684223
51345
553290
806281
367147
313696
188224
475837
825609
667770
513355
111800
849973
606759
809569
90820
86185
530295
111972
977290
423104
295898
199852
518540
772307
96936
419737
2916
42226
799250
458688
753977
637671
308289
988822
698367
107097
799305
206800
86383
297309
234746
929766
52650
175566
713865
419375
266920
313590
30033
567921
542620
280228
633280
60353
982230
363762
431906
425049
432541
575962
519975
294351
601878
432530
122544
751339
416689
258989
22135
467830
153945
636807
367873
984334
502169
780144
735157
599166
90240
845457
86092
73179
971435
516941
683815
86576
823574
84178
64702
155676
397395
811896
634148
751340
84795
87204
105007
87241
723189
663738
723456
500287
176188
123710
531599
525019
473390
957820
519022
916344
90078
868777
450036
196836
526660
978182
85322
356764
64404
87171
180811
246567
833558
513394
974299
413007
732475
86751
548632
739493
197785
240511
806375
799702
527397
658219
175068
86175
560795
181012
240151
61036
67231
430077
822330
658289
923394
214702
824170
923610
77682
638925
9216
645163
525751
499530
13546
721202
224488
238848
166921
323789
356219
645453
514409
859489
516861
423976
481808
95386
684319
209264
451827
396968
29982
953278
438788
664360
51217
469110
181351
721449
663566
727006
809143
542427
815296
293686
612660
296169
261738
697784
369635
157735
86128
89537
809906
814864
544174
513738
792308
603366
532522
466822
518738
464791
83975
305964
517246
514996
686751
450372
672224
122479
237748
385299
883153
81912
601260
152107
306529
503814
703162
816321
62540
465102
83864
91628
23492
459456
69683
514056
525511
711185
724480
390479
784813
105018
512102
283233
151300
151851
723299
10285
633573
84461
494069
431208
62433
350446
964523
719469
467059
663438
153026
523464
698479
336769
174643
261841
110554
88574
22448
473895
176175
734134
155514
293073
690190
59242
363716
997641
521143
83192
448383
365032
755204
89945
5862
350512
709928
281253
99450
403737
949226
821962
420709
453776
862355
795638
914083
850235
196072
532476
74354
120823
611413
525023
79698
552029
603456
532604
806149
237229
653609
733161
649283
552933
653077
237617
677544
660624
161891
532402
854015
614906
910851
730296
423715
75896
846764
539809
953682
356027
737099
686715
825527
254254
563340
782196
186273
905839
255917
608154
774691
908267
338100
444173
342759
539959
869241
599337
653117
604300
653106
372279
263473
283456
381261
61952
101334
636743
566935
470897
158799
525184
87829
224094
323121
940911
536297
292511
521964
530910
932362
368800
512839
832837
955534
68495
193219
85894
735323
407666
441712
916190
870981
81137
431333
411402
826974
474705
573079
516978
79908
363787
841750
624030
68529
145220
790920
428583
397027
703553
84425
341571
516610
606725
21060
519310
945497
367527
823313
404274
228039
264782
475137
233029
499409
974705
818724
22313
65617
43432
129910
698825
81945
109298
339385
429760
71791
903055
24615
90209
926151
192483
255187
503290
448411
86972
93221
281467
363572
46746
73005
518739
485948
520321
672258
241934
730279
104746
136554
248706
259551
391904
296033
469825
688271
517782
6107
634687
84061
237200
91194
943105
81698
151277
105696
256151
168440
155635
690283
85787
257586
307802
736671
822714
427407
931628
913260
526788
227723
529489
152461
153606
450724
316862
803985
327001
94360
16827
862885
703609
564094
793168
176582
731206
611418
371246
307047
92608
364674
81574
22146
711210
15219
340749
488818
621502
168773
163910
719794
486409
365843
691304
716583
967182
86999
86978
263790
791784
308857
547420
679678
69270
885587
566493
292423
690172
219513
509074
715519
413794
526043
338125
281791
831041
106200
352425
502813
749037
94842
279426
496677
342284
307438
416916
112314
234038
337743
540697
153595
529015
524135
134030
124498
210878
962114
311109
488797
955431
105882
121010
431982
139210
822107
488358
503004
684154
354184
500885
947102
247087
246979
308517
496582
784892
315977
553488
84601
152343
30265
262991
525952
947038
101699
664180
83449
337293
364571
304716
305146
407954
143356
261488
750746
397327
869619
134382
425098
717527
512992
635427
821025
292309
952406
70621
238427
406912
481555
312891
499230
899927
666853
174999
820123
436738
335476
292411
498552
373462
293283
245736
603423
106999
114900
227359
604463
423049
227148
942890
435676
112370
893518
263693
341473
96699
574335
477568
498808
292075
656999
246789
550309
659263
574860
164834
913114
941291
530078
576530
869879
901798
573697
372637
401956
638217
987521
95753
397496
761632
30346
313612
666881
306321
381101
724910
739157
616610
564744
188140
376175
435282
196105
487408
987983
608301
22380
600225
254519
864503
429499
271493
412965
237312
460332
606911
427754
248428
504963
745130
250835
519593
439563
889690
59853
159139
318946
480335
336447
89142
806447
452271
572551
345245
104918
844750
908618
141281
424403
469755
737339
339287
523653
336722
257935
122927
451632
482708
628397
130700
501715
426876
587784
536735
382877
530113
717392
958738
281090
568121
910991
272454
338769
130951
880362
296362
558858
448141
861790
390280
273379
689957
988568
941421
747766
814190
55623
657299
833329
673658
105481
322147
762174
505365
518709
424150
675610
854514
94941
674096
24470
901564
912657
378604
47273
810598
468858
472683
32434
642972
215736
455570
446248
228856
63121
605421
44929
43770
207788
446264
675702
437729
536143
642240
923262
698636
201059
442107
39707
654949
746047
914208
906154
305850
892939
741840
769937
351074
534891
651194
806151
215725
386843
232209
57207
649520
762080
953135
892732
249423
281282
39625
30540
811851
186285
944549
925788
785290
410687
654489
857269
837370
159357
773724
999121
997163
46594
788056
667653
557420
460616
984630
110773
254644
541125
215597
294053
280170
56257
557966
101022
43543
279251
42953
162940
748276
643960
559749
363793
785505
40915
278639
189286
84197
512518
503771
82532
768448
247539
685261
757170
985913
694499
47102
973126
36373
292067
406390
987302
303933
352160
315794
58873
900093
476581
101569
434324
452377
386965
331197
292373
57222
542504
615345
923098
483184
292605
922937
365150
61249
915863
674498
896776
907287
571272
207097
767854
559910
536850
717875
770536
656342
657029
536108
763675
656431
638170
667390
376052
422022
218146
501466
99143
667240
442952
655944
567937
212105
648599
888137
540451
220030
638884
583197
655469
562321
636412
760541
426297
667155
828951
862143
920156
906666
924111
908525
207742
638313
53440
948830
187007
446125
609176
49285
54331
423268
994487
632074
908058
599561
603148
536584
228870
151836
838932
244356
645036
446450
638249
449189
676955
43974
995365
626308
675750
896922
145453
447002
33663
576703
50497
62834
520474
554051
921293
716113
297465
297232
124808
159623
52456
418352
348509
44926
308522
52399
799635
44862
698052
391072
603609
387712
427410
744038
965584
575471
188566
63320
770131
884630
803480
501017
537520
956969
680745
888417
820912
606639
453011
241938
84019
339261
978426
