298372
743980
605741
773286
674807
825158
427593
294714
468688
480164
926484
512571
191164
212212
410593
477409
638572
56505
959237
101859
952005
132812
762202
922889
544447
655979
560461
777130
908991
405842
539794
296073
872683
256306
482596
674048
468832
847585
892599
139596
901777
160172
109903
861409
673973
937900
768023
9976
673817
438
773729
758741
38053
619110
766903
937939
831560
908275
537169
765680
416645
870398
341734
444095
410598
44822
37730
115517
801454
953336
834746
443328
654816
23296
904198
824197
763405
257975
847800
701635
637807
603741
904269
890485
885979
722379
984240
38204
826560
474267
866587
824092
413555
417281
675889
446361
665466
375050
25245
228517
792211
244468
983062
899394
910227
398300
609207
213949
575028
715641
768146
497083
286042
640589
673998
707774
558237
892870
658362
827532
535841
603624
637432
768039
639342
57851
999254
266545
541316
229995
540139
401393
649191
649456
854441
57350
405049
266555
662505
871949
140657
886569
897040
319570
933374
421898
952382
900516
402600
112908
315311
758576
908159
440950
915120
410228
7531
916522
266026
252906
904320
737552
302568
570236
374814
241882
3309
307592
869989
374608
29473
639430
736319
803017
648953
812697
58793
229512
893938
553707
672878
575071
980234
214206
550592
893799
535193
386547
901394
919691
440993
552861
921703
761168
128894
680717
952079
572028
379716
677022
99739
768771
641978
553191
833130
302114
56871
216983
56219
692136
584166
988120
157002
464538
809178
890220
861686
26132
678708
253538
839490
325913
826782
360663
260699
347587
378512
255091
374889
219976
412239
366333
359977
211861
497381
378347
12159
384125
757339
56435
276099
486562
621195
716006
913176
790323
963713
570552
472338
445521
199179
133027
653861
688910
561025
714293
894871
913917
415974
491239
842584
75057
335082
517426
962820
922658
775215
60476
46627
451186
666657
258122
986066
465939
925334
31665
873906
263013
122516
316624
739456
38747
562359
654794
540283
397014
3540
892988
411807
55448
470063
476022
295796
393034
833156
743778
828868
780937
540010
819013
670644
325732
763825
874367
571234
903817
223707
336044
729424
12800
819086
996391
471368
773124
536641
273681
462450
195720
224238
819471
326323
608919
571383
253799
907741
569420
276354
225887
40558
575758
968433
205165
892905
982544
666729
221442
947223
95758
58064
819575
301139
199740
822432
642672
973463
212335
837716
842291
925455
98111
251030
644317
103268
988367
244568
561196
639877
847404
66397
959594
903218
234284
223234
737134
249792
193951
642652
620579
628572
826758
986281
250981
709646
572610
560844
444100
923962
772046
571000
772520
870096
488229
825805
847617
628568
131662
981317
986724
401494
202191
403244
676280
882477
756727
25693
876994
673550
802647
408254
540598
899372
755751
98941
409825
482518
266053
658806
618526
474236
180636
223579
581990
141221
522384
755214
205288
594756
505923
625718
36149
286318
104901
277346
267753
223600
99086
431230
483843
449142
523397
272509
805421
824276
661463
485514
772105
507938
858063
858024
819432
959415
910990
472206
61368
143100
982503
103682
725628
526684
493035
127575
871247
863359
860521
71187
746779
272543
534299
843557
912644
12982
523691
543552
699868
403469
247855
393617
329065
480340
242252
206219
225891
528556
642542
930980
618181
478784
502142
908590
481036
906267
506339
885900
907189
842647
504609
683017
772456
97161
341666
48070
722513
267857
546287
477534
14462
180703
564998
222792
594095
225858
855363
746463
896048
379554
277590
522660
18410
921131
545867
833795
920362
677927
560887
585850
915248
724119
58692
278202
547568
24314
219836
82829
880670
225
735074
812065
894083
842649
941038
852658
948349
481216
957895
248657
899104
103062
880107
845563
841876
880497
484516
562264
868102
605200
561726
236750
660259
956613
598806
911800
869312
324954
61429
679386
940650
47296
970690
98756
988079
878769
973293
320853
917488
868338
13429
875588
911176
929967
226596
496089
779950
393035
181200
932817
480444
884534
210383
473658
127024
518019
842921
707341
535184
361969
535004
934294
956451
919953
97949
193566
167891
846545
277123
60644
843573
922587
729552
46974
917792
208258
544907
973119
60577
791095
390464
483998
403706
850683
903896
777733
757811
250234
823564
846544
190985
88332
666425
984261
826159
190693
956686
544558
122705
781586
899513
429966
961085
159177
196014
768861
13890
190997
862380
682278
919762
861902
853635
271162
783360
932401
845481
887500
872717
79968
519621
253420
190979
833247
344803
740078
885688
842032
278105
73189
940662
542300
102357
44250
985808
444427
191599
640015
766738
855789
996378
445624
667867
809958
401730
868160
610868
890663
825504
824487
871158
671404
762532
869452
242706
756117
103821
281535
584085
445070
640830
126731
549060
108285
990340
857786
843539
854515
58634
983933
857231
2456
877129
975334
982979
826311
420774
207768
681948
867625
987003
519195
564262
895025
982800
61067
593132
912105
657820
534100
971697
665698
883067
869049
642959
517928
855591
845397
840046
811000
473400
931949
711048
378353
862322
943208
568275
736046
472272
879790
749273
931954
989706
514164
71814
89009
779769
223486
17444
473811
204104
14601
877078
71820
627784
899753
618902
996558
987143
847487
704023
1099
922400
100450
15886
377666
912420
219781
922439
487144
972742
416875
36534
807697
275061
513666
634701
505046
787582
867870
227104
486097
207949
139674
274225
72224
75296
773903
861842
210449
506370
865526
77533
396436
492266
267569
15200
811956
661038
543196
401998
664251
848013
576317
573883
542973
804155
767258
235337
634713
746751
401668
765483
352774
782026
403301
772718
585637
611231
861036
715605
587446
231168
915680
127769
756225
897077
804831
174441
256339
675550
142764
757402
43839
672316
672610
970355
482355
948313
835262
906080
56440
948237
805506
606080
996859
9835
859137
541879
539241
792393
838534
773537
767157
546265
787015
375440
858
246876
447884
574530
994042
666970
673161
825146
337185
759900
814577
853260
113774
60077
772834
984075
578679
364322
196425
1430
857342
219158
502138
957562
915387
868108
834809
362635
883976
913058
52220
684806
867695
620588
747936
267219
310401
225600
68873
997328
125444
851359
486911
270953
885817
933924
962397
722025
906647
393121
942632
870167
854848
583860
131508
570089
211378
879147
542256
855243
824706
379788
5507
696084
665734
25709
630813
311613
84159
820657
773125
893536
555231
5391
983854
539921
921037
907082
880550
748710
754282
768129
404661
787929
513651
782761
910838
189068
980094
880892
768437
650360
247691
877790
421899
409738
554084
559639
910937
913258
373109
638702
535461
873880
248943
236106
596560
321109
446680
753126
463520
53795
754119
848652
667147
198886
767386
246179
477017
43000
978323
259816
856464
827125
243080
535573
506839
93297
839440
888213
743667
590381
668220
712325
774847
566939
349156
731103
930523
553129
94702
941907
263827
668687
962680
308926
560443
247614
862439
774658
900244
485513
345573
520695
830061
230861
190330
806074
560357
839166
188510
243026
501511
948495
562543
733435
900679
828291
667023
862662
648253
763023
758532
649013
896230
603960
135339
374158
794100
835972
469605
38492
26107
910083
840028
654626
832171
763222
191163
922895
244232
316577
374302
779639
961007
672381
710659
823939
366332
587260
460116
351891
455699
54541
761111
882781
112613
639279
464321
191721
977489
57581
942842
897463
309997
921179
779060
315943
825209
683049
145337
822861
584533
558545
235016
651554
652677
544970
52538
811784
363288
282000
238826
571049
774603
829409
39494
217623
9434
593535
217151
760168
959504
202019
180114
651857
908131
579758
932613
587292
672716
11775
797868
847261
655540
983496
879880
133022
888936
374474
382930
673912
668041
330822
608145
404812
516155
411903
873018
607644
373717
120581
593798
