334251 283.346 295.258 296.874 300.267 300.859 307.29 307.399 311.788 313.421 314.46 
218366 159.311 160.487 168.045 169.968 171.003 177.719 180.541 180.735 180.856 189.349 
451849 317.073 319.554 321.045 325.392 337.166 337.975 338.969 340.727 342.688 344.727 
215557 320.866 331.3 339.296 339.416 339.926 346.137 349.435 349.46 357.346 361.527 
199208 325.687 344.981 358.053 368.597 375.655 376.707 378.134 379.795 382.589 384.345 
420648 257.573 276.127 286.821 297.437 302.615 313.909 317.186 320.095 323.415 324.359 
273146 250.775 281.934 285.636 286.073 290.407 292.8 293.895 296.658 300.057 300.143 
52459 126.123 135.41 146.567 147.007 147.506 151.803 153.883 154.965 155.74 156.637 
71211 246.802 265.94 289.213 294.094 295.368 295.939 296.422 303.556 304.107 304.825 
153356 266.543 271.284 292.836 296.041 315.117 319.806 320.351 322.7 323.082 323.781 
61199 281.821 293.229 295.603 300.385 303.766 306.655 311.326 311.431 317.221 317.572 
498771 244.757 248.757 259.96 270.57 276.702 277.847 277.996 279.143 282.184 283.662 
464122 273.205 292.701 298.023 324.008 324.247 325.286 326.469 326.731 338.044 339.617 
724119 230.167 235.786 249.389 252.29 254.244 254.943 255.3 256.367 256.692 257.107 
124055 266.981 268.513 271.814 278.155 279.857 285.701 288.981 294.094 297.587 304.606 
70273 224.564 255.527 256.31 259.565 261.777 262.202 262.924 263.389 267.675 267.716 
340749 188.558 190.536 209.96 210.357 217.193 221.977 223.412 225.018 227.291 227.337 
756035 265.803 271.855 273.991 290.878 294.652 296.157 296.193 297.958 300.797 303.373 
948711 285.822 289.619 290.243 298.225 299.079 311.928 316.217 320.442 321.709 322.247 
340248 312.508 316.471 321.087 324.443 330.245 333.293 333.431 339.18 343.219 343.942 
663036 275.185 281.007 295 295.796 298.714 305.992 311.88 313.736 314.021 320.253 
987143 204.125 213.951 225.242 227.967 228.134 231.314 235.578 237.257 242.51 242.842 
887602 271.892 274.095 277.359 282.818 288.272 293.44 299.62 301.815 303.168 306.653 
981662 292.829 311.7 312.696 315.767 318.319 323.279 326.135 328.096 333.107 335.75 
4071 256.601 284.536 287.677 300.93 301.495 302.88 311.209 313.656 313.936 316.128 
295574 235.083 240.037 250.581 255.519 261.44 267.735 268.803 269.728 273.196 275.129 
415291 229.393 232.379 237.668 246.731 256.029 259.197 268.95 273.938 274.1 279.861 
743533 241.095 243.144 245.129 245.575 246.8 248.731 250.298 250.617 252.832 252.943 
9315 258.457 296.648 310.232 318.715 318.774 322.817 327.29 334.402 348.647 349.377 
690868 263.907 304.258 305.374 305.912 306.628 310.376 312.564 312.727 313.421 314.216 
226844 271.124 277.636 280.818 287.983 297.733 298.881 301.176 302.242 303.712 311.321 
153606 212.146 230.788 232.289 232.573 232.906 234.621 234.972 237.823 243.06 247.219 
292373 196.553 199.479 202.141 202.252 205.107 206.211 207.694 208.175 208.715 212.255 
433928 233.613 238.994 244.301 249.928 250.052 251.815 252.397 252.464 256.55 256.667 
197978 232.671 266.46 267.307 275.505 278.088 281.464 282.549 289.163 289.192 290.04 
292075 149.693 159.38 205.568 207.07 217.582 218.522 219.342 219.986 221.179 222.068 
605455 253.312 255.098 257.87 260.925 261.281 261.603 263.82 266.428 268.181 269.002 
509279 299.002 305.972 307.418 312.3 313.952 320.234 321.607 323.561 326.61 329.033 
126350 265.117 271.479 274.399 278.51 279.886 285.785 287.901 292.696 294.52 294.69 
3312 277.86 285.692 290.432 294.461 296.874 297.866 301.94 302.941 302.993 303.376 
339294 237.441 255.934 257.334 260.163 260.177 262.517 267.442 270.435 275.567 276.083 
742580 237.276 240.344 242.811 244.483 259.228 259.952 260.173 262.08 265.522 266.16 
232278 176.304 194.407 197.813 198.424 205.915 208.276 217.743 225.215 227.838 230.165 
639877 128.884 148.172 151.552 163.453 169.015 173.179 178.253 190.187 191.771 199.544 
761967 244.174 262.179 262.574 264.469 286.789 290.942 295.675 297.849 307.366 312.167 
866924 213.46 252.79 272.459 280.236 281.881 287.327 287.642 291.058 296.736 299.164 
401494 207.685 250.689 252.828 255.437 256.663 261.258 266.278 267.313 269.974 271.468 
172263 285.949 324.059 330.345 334.713 344.7 348.027 349.431 353.853 360.835 367.053 
292423 207.319 209.683 210.668 231.327 232.407 238.451 243.805 244.802 246.207 250.094 
876386 213.843 273.276 275.806 277.762 298.299 303.213 308.785 311.96 312.532 313.694 
35686 251.01 268.866 271 272.558 274.607 276.512 279.737 282.416 288.572 289.829 
669924 291.609 299.948 301.667 303.46 310.214 314.39 315.27 316.185 318.821 325.954 
588551 265.392 266.875 274.9 278.135 292.229 301.055 303.05 306.553 308.522 308.781 
84197 214.816 217.658 222.065 229.976 238.671 240.275 244.315 246.305 250.488 252.796 
861409 130.219 135.971 138.849 139.678 139.846 139.85 142.86 144.624 146.492 149.98 
932866 210.133 225.107 227.743 231.912 238.124 241.027 246.83 249.88 252.099 252.757 
907606 317.585 318.551 318.718 326.81 332.224 334.541 339.192 341.664 346.298 347.779 
309997 184.73 194.456 196.934 204.201 217.136 223.282 238.216 239.036 243.082 245.004 
366466 327.79 342.305 345.38 356.407 361.446 361.646 363.489 368.911 376.694 377.099 
418975 266.304 274.642 288.695 289.159 290.696 291.955 299.181 305.339 307.358 307.992 
928995 283.397 287.722 288.481 295.273 309.228 309.879 310.34 311.577 316.935 320.701 
572399 249.896 267.313 283.083 286.021 287.856 289.86 290.904 301.086 302.304 303.366 
282000 182.768 210.666 211.483 213.131 227.48 242.87 246.276 246.585 251.651 252.268 
5652 115.931 139.402 151.855 164.691 166.117 171.391 181.193 181.301 191.442 197.682 
544970 204.741 207.95 211.636 217.658 219.363 219.82 221.185 222.735 223.356 223.788 
192338 252.692 277.429 277.662 280.708 285.231 286.199 286.383 286.559 287.507 289.043 
11705 230.274 277.442 288.03 294.433 299.5 306.516 314.423 316.932 317.655 324.617 
191648 188.955 228.727 229.641 274.244 279.775 284.093 286.04 287.082 288.823 290.398 
322501 263.524 300.681 309.307 312.535 314.048 320.974 321.534 321.627 322.208 323.145 
14215 225.499 240.479 241.139 264.96 272.439 281.729 285.028 289.114 290.673 291.494 
874435 257.257 261.325 264.889 266.436 271.094 273.081 273.525 274.485 277.139 280.375 
430110 152.961 159.937 171.423 175.206 175.73 178.017 183.371 191.518 191.935 195.946 
404610 404.854 415.874 417.374 421.204 422.805 428.334 428.916 431.379 434.685 438.038 
469755 154.464 180.325 181.486 183.586 184.019 184.456 186.877 187.766 188.6 189.042 
905833 285.328 305.755 307.56 308.874 323 326.91 327.718 332.841 336.186 342.468 
683285 300.663 304.793 316.646 325.851 349.531 349.9 351.094 351.145 351.343 351.414 
652383 224.622 238.581 245.442 247.655 248.914 249.333 260.008 260.659 264.119 269.396 
839274 254.138 257.154 260.404 262.846 263.015 271.706 273.487 275.374 275.757 277.878 
422191 186.765 189.206 205.922 210.276 212.775 219.736 222.043 222.135 225.679 226.053 
381530 228.801 246.56 265.722 265.836 267.185 268.859 271.391 278.751 284.392 286.791 
853456 222.146 236.875 252.095 253.687 253.779 255.75 257.765 261.568 261.572 261.88 
48800 289.853 294.993 310.015 330.369 331.622 338.517 339.305 343.682 345.944 346.716 
86751 194.903 207.174 207.728 226.024 234.105 234.738 246.077 248.6 255.562 257.641 
881150 240.699 247.411 248.361 253.095 255.364 257.21 278.383 282.724 286.035 286.238 
480178 305.578 313.971 341.498 346.611 349.072 357.442 358.921 362.884 362.981 364.805 
353384 249.528 256.187 280.706 286.873 288.224 290.625 291.824 291.95 293.621 295.149 
581567 313.823 322.475 341.492 343 348.881 369.263 371.199 372.163 375.472 377.608 
988181 232.828 256.351 271.965 283.908 305.634 305.747 305.933 309.892 311.692 312.032 
633150 333.843 341.248 346.238 349.747 356.173 359.479 359.971 365.844 369.501 376.016 
715279 308.383 322.265 327.814 331.557 348.273 352.151 355.032 358.165 359.568 360.674 
985429 292.366 295.266 297.067 306.296 322.802 324.436 329.574 329.871 330.097 330.519 
758641 279.782 283.5 291.529 297.175 303.475 308.313 309.605 311.745 315.005 315.371 
656431 115.096 120.868 125.913 129.561 131.89 132.51 134.7 137.873 139.104 145.674 
399536 223.32 224.744 239.752 246.769 250.31 252.081 254.878 260.359 261.463 261.607 
832999 162.702 175.437 179.089 185.685 187.224 190.076 191.94 197.674 200.225 202.255 
810755 165.242 165.708 170.238 180.516 187.232 195.1 204.7 205.4 209.28 211.251 
757875 278.009 291.914 293.944 312.464 313.115 325.138 329.164 337.474 338.677 342.771 
59242 223.808 224.869 226.68 227.383 232.53 242.555 243.895 245.184 245.856 248.403 
562321 176.054 190.297 192.847 192.865 193.021 193.083 193.53 194.487 194.677 194.903 
360868 343.74 345.695 348.841 366.128 369.215 373.15 381.69 385.463 387.052 387.222 
184870 315.864 331.477 334.012 336.777 348.601 351.315 364.807 365.526 366.575 368.633 
393521 263.019 269.811 284.475 285.946 288.676 290.31 291.405 291.484 292.655 293.034 
489816 277.771 288.068 298.687 304.68 307.693 311.723 311.806 313.268 316.351 319.789 
433366 283.967 301.573 327.852 328.152 330.085 341.355 344.418 345.858 347.71 349.042 
206219 212.382 217.069 217.759 218.202 218.822 219.836 221.05 221.142 224.813 230.269 
982503 216.599 225.675 226.936 228.221 247.123 250.771 252.311 256.796 261.559 272.707 
877466 309.74 322.636 322.692 334.278 339.242 344.738 349.033 351.821 352.874 356.866 
908271 314.463 335.385 336.506 344.417 353.968 355.782 361.061 363.036 366.599 366.955 
218949 262.156 285.746 296.993 300.473 305.634 311.577 313.928 317.753 321.006 321.369 
829018 247.994 271.726 289.405 294.287 295.78 297.95 304.716 306.121 308.217 308.446 
523397 265.656 265.757 270.954 271.334 272.916 273.973 279.066 279.492 280.767 280.863 
793369 270.416 323.92 327.628 343.54 355.486 359.022 369.643 372.761 381.142 382.885 
562797 276.751 281.863 294.094 305.956 308.125 308.279 315.932 317.025 318.391 319.647 
15882 239.942 259.224 265.669 266.051 266.621 267.363 272.769 274.179 274.248 279.365 
578931 280.291 285.261 303.829 304.885 309.083 312.698 314.99 318.813 321.509 322.123 
811819 262.519 269.243 276.735 291.794 295.205 296.002 307.773 309.343 310.069 314.137 
580171 306.065 317.405 324.298 329.451 329.726 330.091 332.54 332.707 336.613 338.708 
261041 230.361 232.338 255.327 255.799 260.123 260.803 261.341 261.765 263.702 264.083 
459202 239.159 248.208 254.142 256.601 257.703 257.787 264.28 268.095 268.946 271.684 
183679 298.322 299.75 299.862 305.359 305.768 310.614 311.042 311.212 315.991 316.275 
173322 304.281 309.236 312.437 314.229 316.108 326.868 336.61 336.872 337.87 338.73 
680146 259.089 262.427 273.084 289.27 291.366 292.703 293.138 295.976 296.555 297.034 
416774 249.79 262.61 271.851 282.17 288.752 302.985 309.26 317.818 322.916 325.712 
775561 223.159 232.385 239.186 251.086 256.379 256.903 267.946 268.639 270.95 272.367 
945153 325.67 335.283 338.914 342.042 348.039 349.06 349.944 354.529 362.254 369.853 
84360 288.78 311.039 317.492 323.978 327.835 343.801 350.333 353.642 362.333 362.649 
579109 266.612 270.104 287.272 290.229 290.26 294.554 297.437 297.893 298.25 305.236 
308064 302.189 316.343 321.199 325.401 326.049 327.156 328.711 332.021 336.352 336.929 
792825 314.906 342.397 342.821 343.652 348.411 353.682 358.342 359.487 359.953 361.462 
494632 241.94 243.053 249.694 250.15 282.361 283.549 300.837 301.012 301.607 301.889 
25604 219.675 225.792 228.486 233.011 234.691 241.448 254.207 255.449 257.399 257.696 
340133 250.11 268.706 277.121 280.541 292.636 293.952 294.362 298.578 303.661 307.508 
212034 289.731 315.777 327.075 333.269 333.777 336.534 340.758 340.762 342.988 347.641 
963104 192.336 200.484 206.894 208.899 209.045 214.628 216.088 217.336 217.713 217.796 
339279 241.828 275.917 279.571 288.442 293.808 308.943 312.522 322.442 325.135 325.191 
875631 285.447 332.412 335.993 340.019 342.826 343.535 346.66 347.374 348.989 349.354 
428029 314.073 321.413 325.103 327.855 331.463 332.884 335.361 337.423 338.046 340.166 
604397 212.351 219.875 228.596 232.702 236.193 237.377 240.47 241.435 243.783 247.024 
102353 315.45 344.859 346.954 349.573 350.351 356.598 356.704 362.057 364.925 365.055 
163267 285.998 290.969 292.086 298.252 301.844 302.44 304.761 306.013 308.66 316.572 
867737 228.897 231.346 231.45 241.025 242.804 242.813 246.558 246.704 248.946 249.77 
619601 292.884 311.357 318.22 320.019 324.838 324.923 325.203 325.923 326.728 327.35 
762532 214.886 225.468 234.527 248.103 250.456 250.691 252.838 256.084 262.227 263.68 
384588 311.986 317.736 326.768 334.069 335.471 337.053 338.104 340.028 344.269 345.133 
392369 260.808 266.56 271.229 280.475 284.656 287.421 289.216 296.243 306.679 307.077 
175068 240.57 249.954 250.354 253.324 256.628 257.241 258.627 260.152 262.141 262.54 
719598 249.738 272.454 274.341 274.689 275.879 277.874 278.462 280.168 284.851 285.598 
877907 176.156 191.463 193.217 195.228 209.883 210.347 211.45 213.04 220.536 224.214 
748276 119.298 121.066 123.774 125.176 125.559 129.023 129.395 130.211 130.357 134.611 
314385 352.344 362.128 372.431 375.372 382.56 386.473 387.276 391.708 392.808 393.473 
433435 185.019 185.416 190.216 190.573 195.33 197.152 197.378 198.673 200.524 205.529 
412557 256.365 288.266 294.513 305.375 307.893 318.082 319.948 329.821 329.889 332.543 
243289 236.941 246.613 255.351 256.435 266.569 269.704 271.45 272.83 273.604 273.754 
986158 190.906 192.213 196.056 205.927 206.199 206.925 208.648 210.602 213.035 213.876 
122705 199.075 204.348 223.39 224.047 236.624 238.935 251.555 253.545 255.292 256.537 
972934 234.923 245.392 250.202 253.716 263.029 265.915 267.563 271.131 272.848 273.896 
998852 258.759 287.085 288.486 290.174 290.931 298.302 298.652 299.376 300.827 302.485 
365953 282.222 309.116 311.87 317.528 326.353 331.269 331.51 337.717 342.542 348.993 
19465 289.138 293.027 300.335 301.682 302.235 309.998 310.754 311.005 314.79 318.066 
695430 260.849 261.159 261.578 261.694 270.553 272.936 279.553 281.553 284.422 286.259 
336492 306.379 308.436 320.447 328.903 344.193 347.858 347.921 348.548 355.536 357.567 
219339 304.304 313.981 317.893 323.345 331.092 333.018 334.328 336.687 344.264 355.751 
992436 196.255 217.226 228.683 230.519 233.645 236.339 239.579 241.315 243.949 244.859 
811715 237.748 244.34 265.494 279.98 282.241 284.396 285.084 287.515 289.567 291.556 
507624 244.651 250.793 251.986 259.632 262.494 264.15 269.752 273.974 275.311 276.879 
168002 276.951 309.852 312.336 320.634 323.385 335.234 335.856 338.315 342.098 342.794 
974724 291.779 302.822 304.761 307.389 322.517 323.633 336.055 342.06 342.156 344.032 
957820 249.018 258.368 263.45 264.647 265.477 267.44 269.004 270.057 270.503 273.211 
468969 194.322 205.273 227.574 227.715 245.347 247.318 252.43 255.922 255.973 258.322 
238511 317.575 326.294 334.368 340.013 359.443 362.215 376.636 383.085 383.983 384.754 
186309 279.921 287.468 291.149 299.488 302.471 303.445 303.475 303.936 304.902 305.4 
467789 273.947 277.106 277.548 278.97 284.833 285.188 288.612 294.155 295.092 298.605 
677866 192.372 193.117 198.215 207.892 212.49 215.539 218.897 223.341 230.404 238.43 
840203 280.104 284.377 303.699 310.963 314.921 318.185 318.354 323.66 324.164 324.182 
754197 292.778 304.843 307.511 326.985 331.365 331.751 337.274 337.602 339.001 339.8 
749956 244.553 255.992 260.154 290.716 294.071 297.597 299.837 310.754 310.77 310.86 
304767 278.149 283.667 299.788 302.232 307.87 328.401 331.426 334.256 335.385 337.313 
777610 248.401 254.531 255.754 256.581 256.788 261.071 264.307 264.957 273.832 274.529 
817350 252.676 278.282 288.884 291.592 301.382 302.673 303.19 310.784 314.957 319.147 
910083 148.472 168.698 176.53 177.539 178.533 179.067 180.019 183.494 184.859 184.873 
175398 256.359 260.806 265.121 266.665 269.169 269.238 269.371 269.524 271.242 272.456 
899927 106.273 108.301 133.574 138.6 139.474 144.627 145.767 147.167 150.303 150.934 
920362 164.815 177.685 181.665 194.067 196.306 197.504 202.707 204.311 207.058 219.164 
599524 260.323 273.553 277.074 279.668 292.623 296.939 300.1 300.275 303.753 306.743 
241497 229.497 239.37 252.188 258.356 262.526 268.103 271.017 272.82 274.261 280.993 
983933 145.234 164.213 180.878 192.268 193.742 202.709 208.151 209.604 211.447 223.656 
320786 273.865 274.74 291.22 292.563 297.034 300.887 302.242 305.01 307.568 311.675 
134146 185.863 207.81 220.842 230.117 235.756 236.516 237.097 237.485 238.604 239.125 
481143 226.08 249.311 249.9 256.457 257.01 268.905 269.909 271.441 273.6 276.158 
412443 257.829 272.439 300.155 304.952 331.929 343.246 348.389 348.88 352.324 353.56 
113924 83.7019 87.1034 93.3542 95.1683 96.4728 102.703 104.427 107.508 109.554 111.032 
453155 224.143 231.978 232.852 250.052 252.242 256.854 265.575 265.782 273.531 274.607 
255771 283.147 296.682 316.172 316.233 322.405 323.659 324.202 324.681 326.124 328.375 
479051 261.889 267.698 267.713 275.822 276.653 279.943 284.535 290.479 293.01 293.351 
461156 268.401 269.113 289.85 290.826 296.346 296.554 300.473 303.172 307.413 311.288 
437422 183.502 188.26 226.044 227.207 227.991 228.615 231.357 245.538 257.961 261.738 
594575 271.264 276.011 285.678 296.105 297.441 298.091 302.86 308.756 308.968 310.55 
846946 204.243 208.988 214.126 214.483 227.284 234.446 236.616 237.561 239.372 244.078 
512992 153.76 175.599 176.678 179.26 182.962 184.778 185.809 186.376 187.083 189.346 
224667 246.355 251.867 258.143 258.815 260.373 265.533 270.168 274.496 275.303 275.772 
571750 285.542 287.054 313.407 340.37 347.174 354.363 361.498 363.132 364.657 367.494 
666337 312.296 328.592 333.107 337.643 345.287 346.98 347.331 347.652 355.017 355.151 
373556 186.687 211.573 224.332 231.881 234.075 236.538 248.654 255.525 256.041 260.883 
311316 207.916 235.094 257.944 261.015 262.206 271.07 281.446 283.533 283.803 284.965 
40915 83.4566 147.709 151.314 153.281 154.107 160.468 160.733 160.792 161.676 161.747 
81912 177.575 198.899 201.104 206.109 207.637 210.685 211.388 214.306 215.488 216.483 
935379 322.913 326.124 327.119 336.504 344.388 347.843 349.222 350.023 351.121 352.719 
371246 235.472 239.088 244.15 246.879 253.298 254.175 257.513 259.738 259.794 260.881 
904620 286.88 310.578 318.746 321.227 340.981 351.31 352.473 353.874 356.959 364.564 
647985 302.429 310.15 312.573 322.82 325.882 327.521 328.375 328.579 330.447 332.581 
497699 173.56 238.216 244.816 246.55 247.986 253.215 256.305 267.557 277.518 280.443 
565966 171.546 177.646 180.391 184.076 186.502 186.585 187.096 187.222 188.059 189.098 
134701 309.435 321.067 321.49 334.556 358.166 359.621 360.852 363.048 363.273 370.272 
939381 283.577 307.166 314.706 314.838 320.507 327.448 328.352 332.414 340.247 340.379 
705364 249.604 268.89 287.209 308.691 308.866 331.199 336.199 339.025 339.364 341.152 
649191 114.978 120.146 134.51 137.692 140.453 141.404 143.14 144.776 146.792 146.959 
598040 277.426 288.896 319.925 320.281 322.365 322.645 326.432 331.033 331.875 334.648 
883067 198.623 210.205 214.772 215.46 219.027 221.725 227.304 233.24 233.332 235.187 
681395 226.797 232.796 235.731 248.697 249.632 253.673 257.369 259.114 261.685 262.362 
490377 244.047 251.764 251.784 253.669 266.098 266.608 266.897 267.554 268.205 269.957 
612713 272.32 275.879 285.033 295.555 296.137 305.4 307.264 308.799 313.775 314.91 
180090 244.792 253.235 260.985 263.446 263.462 266.081 268.021 270.13 272.169 274.749 
843436 271.998 290.264 292.539 294.381 309.995 321.96 322.087 323.407 328.094 333.401 
446120 77.2722 146.482 165.572 168.184 171.426 172.551 174.528 176.539 184.684 186.346 
718901 264.015 279.539 281.027 282.542 283.641 285.247 285.638 288.552 291.287 295.664 
233975 278.987 279.249 282.94 284.642 285.858 297.308 301.947 302.908 303.181 304.133 
108607 311.586 315.799 319.479 323.656 329.09 330.578 331.104 331.109 333.105 334.268 
50275 322.056 331.415 341.29 347.377 351.224 358.675 360.579 363.409 366.884 373.654 
416592 276.85 278.817 289.607 293.457 294.243 295.047 297.434 302.147 302.184 307.516 
289207 276.619 284.095 310.443 316.115 318.617 320.847 322.216 327.359 332.504 332.636 
550131 294.964 313.767 317.983 319.46 325.083 329.539 331.489 336.256 339.819 340.404 
982164 276.199 280.218 281.24 283.568 291.062 291.633 291.967 295.059 306.132 306.411 
297837 324.382 336.982 339.394 341.195 344.746 350.525 359.608 362.912 363.069 364.489 
299627 333.735 352.128 355.94 361.744 366.782 372.796 375.701 379.169 381.093 383.063 
301675 254.898 275.085 282.629 290.902 292.443 295.083 297.511 318.987 321.652 323.56 
491036 270.44 280.302 292.084 326.411 327.556 339.806 340.83 340.944 341.271 343.111 
993048 226.808 239.875 245.353 248.634 264.925 267.735 271.354 275.391 275.427 280.877 
718567 228.561 253.913 257.29 258.141 260.814 263.657 266.07 273.722 273.792 275.004 
337106 212.149 214.271 226.336 234.002 243.23 245.255 248.829 250.669 253.239 257.87 
124808 186.04 205.47 205.47 207.089 215.184 215.356 215.441 219.342 220.05 220.975 
425999 88.1136 88.4703 92.5905 94.6414 95.8541 102.645 103.102 107.48 109.458 109.991 
253420 220.504 229.637 237.683 238.508 245.681 246.648 247.935 248.763 251.825 259.561 
769447 297.93 308.675 332.22 332.256 332.676 334.754 339.881 342.999 345.29 347.048 
392184 254.256 265.328 281.576 282.906 285.263 285.498 289.287 293.946 293.991 299.262 
178860 248.399 272.993 275.056 283.519 288.455 290.053 291.704 292.024 292.346 293.334 
446248 38.6652 62.6259 79.1265 89.202 94.2178 100.548 103.779 106.724 115.065 129.406 
654530 193.703 235.939 237.365 270.799 271.542 274.088 279.859 285.925 290.562 292.903 
390260 174.115 186.051 204.622 208.677 211.891 217.039 222.975 224.735 227.557 228.149 
259614 242.109 252.517 275.387 276.013 279.342 282.468 283.538 284.842 285.035 286.883 
700446 260.967 278.738 290.567 293.186 295.616 295.97 297.678 301.261 301.301 303.906 
335643 307.05 311.567 311.57 312.533 318.566 319.168 323.887 325.859 327.725 328.145 
625317 306.754 326.896 331.825 341.258 352.613 354.219 363.242 364.049 364.243 369.298 
449405 260.86 267.931 270.887 276.968 281.471 297.155 297.935 299.827 300.471 302.842 
893518 113.517 126.578 132.042 134.101 143.101 149.536 150.236 153.385 153.698 160.256 
373555 302.662 324.72 325.553 337.685 340.146 342.092 355.615 356.944 357.055 358.304 
480994 288.22 292.021 303.623 303.959 312.229 312.509 316.021 319.529 320.866 324.908 
839490 218.756 233.051 235.211 235.225 245.721 245.766 247.287 248.278 248.403 248.52 
93411 256.031 261.329 275.797 277.02 278.907 281.798 289.04 291.337 292.067 296.623 
832440 303.577 328.009 328.017 328.524 330.094 334.178 334.595 336.85 342.485 353.593 
277453 273.565 277.685 279.385 282.524 283.087 289.133 291.561 297.523 298.023 299.438 
867164 184.529 195.832 210.917 221.149 228.821 230.818 233.538 240.977 242.405 242.918 
810267 210.81 219.493 238.51 255.93 261.05 261.063 262.179 263.272 264.009 267.739 
19068 283.152 285.079 300.832 304.148 306.637 307.605 308.598 309.188 309.658 315.412 
743009 302.03 305.851 328.183 331.066 337.911 342.371 347.261 348.465 349.238 354.6 
941038 196.822 218.804 219.645 221.68 222.798 224.065 228.943 231.43 232.577 242.938 
960453 233.585 241.47 261.276 264.537 265.388 267.488 272.538 278.84 286.672 287.698 
841357 278.302 288.616 303.542 305.81 309.927 310.181 321.873 322.497 324.698 326.914 
9786 282.448 284.35 308.136 308.419 313.198 316.989 317.547 322.675 325.807 326.435 
619713 235.032 253.176 253.969 255.198 258.469 259.796 261.033 263.522 265.279 269.132 
986255 283.923 294.92 312.68 315.859 316.082 316.115 316.979 319.196 325.495 327.127 
84058 271.805 272.316 276.995 277.411 278.218 281.221 282.583 290.331 294.688 301.519 
743308 297.125 340.194 345.569 348.71 349.338 351.537 353.317 359.596 360.947 360.979 
613006 330.961 355.207 356.596 367.364 369.751 370.505 372.505 373.501 379.02 381.012 
894871 179.234 188.077 189.718 200.701 211.499 221.68 222.812 226.018 229.404 230.007 
878971 250.098 265.885 269.494 275.581 297.854 318.126 318.964 321.149 325.185 325.57 
657493 190.562 191.836 212.575 220.699 226.918 227.875 229.275 253.051 261.868 275.009 
962519 329.149 342.813 344.1 349.929 358.133 365.857 366.074 374.582 378.527 385.023 
84545 312.599 334.863 341.066 341.3 346.896 347.692 349.917 353.843 357.305 358.975 
186332 243.368 277.206 279.584 298.238 299.63 300.047 302.693 304.436 305.683 312.776 
773096 231.741 238.393 243.641 249.01 251.897 252.182 252.395 252.755 253.933 254.698 
432965 181.51 203.821 212.549 229.615 244.45 246.506 252.83 260.981 261.801 266.5 
975728 295.149 298.841 304.156 306.136 328.158 338.299 342.861 342.98 343.363 344.054 
548077 290.52 297.701 310.451 310.67 321.896 326.642 328.044 336.339 346.14 362.414 
931208 266.706 274.066 289.536 291.21 300.313 301.148 301.42 301.831 308.219 310.102 
567621 289.974 316.646 339.731 343.892 343.927 370.471 377.753 379.705 381.129 387.207 
520367 268.306 284.626 284.842 295.217 297.488 300.937 301.179 302.367 304.298 304.802 
369817 326.801 345.558 349.176 352.371 353.838 354.617 358.654 363.984 365.105 365.839 
213808 242.446 249.299 253.361 260.666 263.892 275.559 276.042 276.163 282.156 283.034 
394248 325.799 327.654 337.208 353.665 353.751 361.874 363.76 363.93 364.29 366.806 
563697 229.724 231.03 234.723 235.633 241.63 242.481 244.037 245.664 253.215 254.725 
526393 244.757 249.85 270.346 270.363 277.433 284.596 285.671 286.777 288.019 288.489 
936499 280.27 283.635 294.727 301.048 303.505 303.72 303.987 304.703 304.772 306.917 
650492 270.292 285.766 302.823 304.897 310.929 313.718 320.183 321.731 326.474 327.773 
225124 263.68 286.292 290.637 290.718 293.755 294.233 297.945 298.764 300.505 305.392 
186369 229.375 231.342 231.767 235.816 239.46 242.8 245.717 246.504 252.998 253.996 
531735 281.421 292.482 293.213 299.152 300.899 308.867 311.82 312.123 316.89 316.991 
640403 217.164 263.238 278.126 281.263 282.073 289.931 290.448 301.776 302.721 306.545 
535586 284.086 285.198 289.734 290.293 294.578 301.71 302.066 304.159 310.153 315.349 
495280 175.71 188.165 191.836 192.362 199.735 201.889 202.754 205.112 208.844 210.523 
228938 188.337 199.627 224.889 232.633 233.508 237.727 237.943 240.058 243.594 243.694 
442477 215.708 232.34 235.253 259.611 262.067 263.378 276.156 276.619 277.444 282.613 
142798 189.164 198.95 201.656 221.709 226.075 227.277 227.335 233.26 234.222 235.415 
125695 235.162 245.222 246.915 247.718 251.672 254.99 256.696 256.731 259.334 260.933 
305850 172.084 203.487 205.161 208.595 213.979 214.77 221.703 223.247 227.379 229.987 
613197 309.22 309.793 311.207 315.362 316.476 318.947 322.106 323.745 327.559 328.944 
489906 231.94 250.95 269.188 270.409 285.147 285.755 287.195 290.651 296.122 301 
543764 256.838 266.813 268.405 278.316 281.455 282.786 287.064 287.48 289.126 289.168 
260895 252.081 287.207 289.631 292.997 293.626 297.444 298.836 303.659 309.94 312.28 
18192 212.852 220.375 230.13 232.134 236.324 240.096 242.957 245.709 248.477 255.104 
303593 242.988 261.981 271.682 277.93 282.852 283.42 283.429 284.954 285.307 285.603 
337244 134.436 158.827 164.633 164.682 165.898 168.202 172.186 172.192 174.279 184.315 
315977 220.767 231.145 232.312 237.59 238.426 238.954 239.497 245.469 246.012 246.402 
980229 290.205 294.819 300.802 309.731 311.899 318.547 318.732 319.612 320.917 332.068 
297251 289.696 336.44 339.363 343.185 344.128 345.815 354.794 355.526 355.826 356.837 
709807 274.325 287.55 299.329 299.702 307.868 319.155 324.139 324.834 326.731 329.657 
991403 265.603 270.178 281.613 284.979 286.248 294.294 295.381 296.749 303.71 308.204 
486756 261.687 274.725 278.322 282.631 286.719 286.761 288.688 290.229 293.3 298.834 
449462 195.438 197.423 205.976 207.478 208.682 210.528 211.849 211.955 213.874 216.977 
841325 220.685 224.23 229.334 234.585 249.327 255.668 255.785 256.359 258.703 260.668 
413594 324.054 331.893 333.033 335.125 356.237 357.097 358.101 360.576 367.88 368.109 
447573 206.356 221.452 225.692 235.907 236.385 236.584 236.827 246.165 246.51 247.32 
578049 194.856 195.297 197.188 207.759 209.177 213.223 214.464 215.339 215.437 215.511 
916864 196.652 214.429 219.483 230.46 233.431 237.331 237.998 238.711 239.069 239.286 
716006 197.73 212.097 213.757 215.109 217.725 218.28 225.02 225.697 229.065 229.924 
294671 278.736 302.144 305.454 307.291 312.171 315.886 317.53 323.297 329.914 334.836 
374302 196.741 197.15 215.794 231.335 239.286 247.394 249.608 250.302 250.372 252.921 
805361 291.239 299.378 304.569 312.019 319.97 320.125 322.771 325.023 325.799 326.579 
84353 316.183 334.293 338.376 341.057 347.009 348.95 352.417 352.588 356.345 361.161 
364322 233.332 233.814 240.275 240.811 244.555 247.536 249.524 250.064 252.165 252.559 
161730 297.799 299.56 303.901 314.008 320.684 321.891 324.669 326.881 329.798 330.053 
960264 262.278 297.785 301.582 305.655 310.575 311.196 314.076 314.617 314.757 316.909 
531374 250.896 300.764 301.508 310.78 313.078 316.719 319.212 320.766 324.182 324.885 
191163 90.2219 125.905 134.142 136.253 138.018 139.657 147.445 150.04 151.119 151.99 
665577 234.092 269.011 272.086 278.806 280.018 280.104 280.546 281.546 282.678 283.249 
770526 234.382 235.809 236.886 237.744 242.712 245.359 260.329 266.03 269.294 275.44 
264782 210.9 225.078 229.181 229.917 239.401 244.579 245.063 247.605 249.285 249.974 
499409 183.191 190.413 197.155 199.093 200.509 201.04 207.519 208.694 209.292 213.659 
996378 164.283 199.201 219.786 225.69 233.006 236.778 239.393 244.059 247.798 252.115 
366238 239.339 255.329 255.57 258.59 259.363 259.742 259.819 259.833 261.272 261.645 
367038 336.737 353.052 381.646 400.202 406.011 411.139 415.616 415.874 415.975 417.475 
985732 286.794 296.616 300.393 300.787 306.021 306.562 307.94 319.042 319.409 319.987 
481596 262.013 264.38 267.09 269.763 271.568 286.472 289.164 290.357 291.71 296.832 
435490 293.806 301.055 306.943 308.247 310.823 317.344 328.044 329.02 332.241 336.015 
398513 290.436 304.974 307.964 308.837 312.404 317.495 321.092 321.608 326.098 331.477 
457688 223.457 254.14 267.081 277.254 279.755 287.99 306.418 311.49 314.221 318.622 
864378 274.37 276.19 282.542 284.623 287.908 288.64 294.878 296.7 297.241 302.372 
245751 290.591 297.568 306.323 306.599 310.363 312.237 315.067 316.733 317.692 319.307 
927828 263.203 268.959 270.876 271.404 275.096 289.848 289.929 290.947 297.059 299.752 
90696 257.4 257.47 259.684 262.431 266.683 266.953 269.55 271.048 271.713 273.532 
619793 271.864 283.09 286.527 287.865 293.653 300.811 302.642 306.06 312.243 313.93 
242100 270.788 275.842 281.601 292.395 301.486 303.752 306.123 307.982 308.162 316.888 
151391 174.597 211.53 213.659 215.346 215.46 219.925 220.191 221.54 222.257 222.742 
901068 238.956 267.632 269.02 273.029 279.696 283.928 286.245 286.875 289.449 290.205 
923960 265.177 274.574 278.611 283.284 286.768 289.247 292.07 293.918 300.14 301.073 
215306 216.393 225.233 239.048 249.229 256.115 256.431 266.528 266.717 269.059 274.323 
904787 236.622 243.438 247.806 261.96 266.248 269.223 270.577 271.127 272.189 273.615 
503423 286.383 315.767 315.846 317.607 318.542 321.727 323.966 324.487 324.989 326.06 
25953 197.907 212.401 214.639 217.476 219.002 225.812 235.378 238.382 240.813 246.457 
231087 274.345 298.257 311.103 319.465 321.19 321.742 321.921 324.051 325.142 326.582 
571879 151.562 162.311 165.617 181.119 190.971 192.969 193.122 194.031 194.813 197.428 
946033 289.277 334.812 353.732 355.298 365.27 374.681 378.253 378.266 378.336 385.423 
692178 212.544 254.676 261.413 267.279 276.072 287.362 288.822 289.04 294.223 295.405 
78450 273.309 274.133 283.923 306.964 313.442 318.641 319.586 323.053 327.712 332.148 
822432 220.823 220.989 228.206 232.644 238.369 238.985 240.853 241.582 242.186 244.708 
908164 220.722 223.634 225.646 227.631 236.076 238.535 239.42 244.843 245.053 246.966 
997067 327.177 327.42 336.345 337.159 337.833 352.118 353.599 356.19 357.077 357.213 
316481 251.231 263.577 265.351 267.129 296.761 297.375 301.864 305.915 309.643 309.68 
601665 251.305 267.337 268.337 271.243 293.08 298.613 299.05 301.954 302.116 304.132 
609129 212.401 217.842 225.954 226.923 229.308 231.657 234.787 236.802 239.89 243.52 
265179 228.677 245.925 253.113 266.865 268.797 285.049 289.351 289.443 289.805 289.852 
884788 297.985 302.427 304.972 307.265 309.697 309.903 311.705 312.109 312.629 313.141 
77682 188.303 202.48 203.418 212.057 216.222 219.256 219.333 220.848 223.3 224.475 
117934 320.766 342.304 347.681 348.534 350.621 353.021 353.674 354.169 355.321 357.09 
182728 253.98 269.629 281.858 305.03 306.524 309.066 311.259 313.374 314.204 315.565 
646697 237.891 248.195 265.255 268.567 274.547 277.728 279.564 279.796 287.169 287.868 
967121 231.32 254.049 257.323 261.769 265.471 266.329 267.727 269.965 272.006 279.226 
556054 293.162 303.661 320.461 324.228 328.58 332.608 332.982 335.385 335.455 335.628 
208157 170.288 178.278 186.625 188.255 189.291 190.444 191.222 194.229 195.566 195.581 
813711 226.298 251.627 259.615 260.013 265.403 267.886 272.25 274.423 275.938 276.659 
431891 247.855 255.112 262.074 275.129 280.423 281.148 281.954 283.766 287.654 289.953 
984655 304.118 306.653 312.642 316.425 317.386 320.774 328.512 330.029 334.292 336.361 
994594 236.62 255.282 256.969 269.759 277.703 278.684 285.449 288.142 288.17 290.305 
148471 317.118 326.434 331.328 335.665 345.081 348.772 351.34 352.17 353.202 358.382 
283907 307.56 312.778 316.635 319.273 319.948 320.84 327.081 327.787 327.881 328.545 
237312 173.084 194.982 201.082 223.155 225.61 235.807 237.451 238.208 238.426 238.69 
897040 190.032 193.096 196.911 199.955 201.715 208.638 214.028 214.588 214.886 217.539 
219082 297.002 310.701 333.455 342.411 346.449 352.165 362.243 364.734 368.111 374.144 
840577 250.446 272.82 287.672 301.174 304.836 312.559 313.882 315.083 321.184 325.429 
612701 204.514 210.87 219.034 222.632 224.042 230.703 232.749 235.066 237.196 238.248 
979375 242.611 248.022 249.702 253.294 254.851 256.082 268.285 269.468 279.09 281.301 
481719 189.169 201.341 204.377 211.674 216.806 219.445 222.63 244.371 245.129 249.435 
85196 249.898 254.482 257.053 258.857 263.479 274.21 274.368 275.703 278.043 279.26 
278238 234.006 241.967 255.18 257.391 257.661 265.554 268.015 273.278 274.567 282.31 
325085 288.756 297.089 303.929 304.675 304.833 306.075 306.47 311.317 314.495 314.883 
141696 170.865 197.37 222.254 223.663 232.826 235.085 235.559 235.733 236.214 237.217 
52204 294.335 323.05 330.079 334.789 337.732 343.695 344.086 344.456 345.558 356.685 
602169 272.951 307.753 315.747 320.765 324.541 325.942 336.648 342.864 347.406 349.654 
47273 130.568 130.798 131.765 143.402 144.115 145.592 155.798 161.941 164.967 166.832 
915387 210.791 222.966 225.655 233.976 245.953 248.308 248.679 248.849 253.067 257.829 
537204 222.933 233.989 243.415 246.404 253.515 261.62 277.424 280.371 282.623 293.208 
328711 326.49 327.787 328.151 352.932 353.96 356.624 358.9 359.302 360.139 360.72 
644798 263.291 282.715 286.409 292.576 305.668 318.741 324.841 328.749 330.501 332.752 
259443 264.348 276.958 279.914 283.168 284.067 287.983 292.998 294.248 302.384 303.078 
817553 237.777 270.88 279.333 283.877 286.855 288.69 289.491 289.859 290.482 291.931 
866847 254.621 256.367 265.663 280.665 283.81 286.222 290.396 290.905 295.586 295.701 
297057 289.524 297.787 321.416 330.044 336.006 338.529 338.597 343.01 344.099 344.183 
557597 273.848 298.292 301.005 311.787 320.701 320.981 322.545 325.009 325.017 326.992 
532604 194.499 197.884 206.708 227.532 229.909 236.924 237.962 241.456 243.364 243.555 
69809 288.519 302.314 302.724 306.741 309.753 310.789 311.92 319.143 329.284 331.423 
986349 218.698 240.233 241.942 243.559 246.368 252.529 267.735 270.365 272.138 277.546 
935111 291.8 293.034 298.736 315.979 326.423 328.519 328.676 329.98 330.165 331.27 
534255 269.681 270.45 270.767 275.683 282.432 286.08 288.179 288.862 291.782 294.277 
560887 194.17 209.179 212.424 213.694 214.837 216.73 223.296 227.53 229.362 229.441 
79165 240.067 243.992 244.788 252.288 253.061 257.977 265.281 266.852 271.638 276.025 
982920 223.987 227.104 228.753 234.216 236.74 246.955 252.105 262.109 265.891 267.733 
989322 316.86 317.799 325.037 328.927 330.542 330.943 332.818 336.806 336.972 337.009 
821375 174.894 183.153 183.546 189.235 189.344 194.713 198.55 202.98 203.487 203.583 
232227 234.395 238.449 240.869 243.93 248.228 251.817 258.372 262.96 263.744 264.834 
697278 285.047 300.092 310.508 311.942 312.915 319.388 319.523 322.909 327.725 329.443 
320815 315.941 321.399 324.597 330.071 345.449 349.574 350.986 351.955 352.653 353.048 
211934 303.86 305.992 309.974 310.628 314.876 315.742 315.972 316.07 321.251 322.634 
56778 351.211 359.564 362.167 363.865 371.809 375.183 380.266 381.931 384.147 386.157 
286586 318.209 328.764 330.681 343.22 353.73 360.289 363.018 364.681 367.18 370.03 
783864 273.163 273.485 283.813 299.02 300.574 308.252 308.412 310.709 317.981 319.45 
233018 251.823 280.491 287.618 296.911 300 300.759 301.697 307.976 311.002 311.133 
715703 245.416 257.961 262.983 283.584 291.251 294.201 294.204 301.13 301.98 302.741 
541031 205.585 266.785 270.137 291.388 300.263 305.536 312.24 314.043 314.407 315.617 
994583 269.184 280.984 308.469 314.937 315.593 317.032 317.104 319.583 322.797 323.493 
172439 291.352 307.766 307.904 312.514 315.9 315.911 317.063 318.679 319.426 325.123 
44926 151.38 153.857 156.844 168.036 173.28 173.28 178.905 186.271 193.38 196.848 
372327 231.348 247.33 253.99 259.015 261.184 263.446 270.658 272.074 273.189 273.737 
751340 178.508 191.914 199.09 202.351 207.492 207.704 211.142 213.399 214.8 215.239 
470959 266.15 276.125 298.828 301.121 302.07 306.062 307.225 308.182 313.477 315.016 
625993 318.679 322.769 324.287 328.524 329.892 330.288 333.326 333.955 334.085 334.399 
385822 234.171 234.902 236.136 237.025 237.504 244.73 246.621 252.875 257.272 259.33 
151849 143.694 157.829 160.337 161.978 162.69 163.456 165.124 165.239 166.142 168.538 
643682 195.855 241.172 259.083 284.164 284.926 287.113 294.044 296.084 300.648 301.937 
757946 256.238 262.076 262.278 262.783 265.121 265.599 266.621 268.356 268.397 269.872 
660842 194.625 203.733 224.749 226.722 228.814 242.883 243.623 244.051 245.033 249.177 
283375 267.015 282.16 285.598 287.052 293.053 300.711 301.327 302.511 306.077 309.994 
731103 224.537 226.991 236.645 237.874 261.383 262.821 270.083 271.457 272.808 273.399 
576674 302.452 307.36 320.835 330.97 331.658 331.819 341.359 345.07 346.425 346.443 
807184 316.716 326.618 331.601 336.954 347.809 347.974 350.421 353.795 355.286 356.689 
455859 334.461 361.961 363.678 364.586 377.567 378.741 379.98 382.045 389.493 391.543 
737200 234.676 241.166 242.605 246.8 260.069 266.458 270.605 271.651 272.101 272.298 
586472 320.493 330.717 334.465 335.996 337.855 339.383 341.789 342.142 342.513 342.513 
680759 335.019 335.769 345.601 351.181 356.463 360.246 370.007 371.162 374.801 377.274 
356027 230.052 231.853 234.911 238.008 239.756 244.618 246.656 247.403 248.419 249.271 
34600 283.593 286.658 293.324 295.073 302.62 313.026 314.9 315.721 318.08 322.54 
336842 173.833 182.384 184.456 186.073 193.212 196.817 199.987 200.347 205.774 207.017 
333623 242.977 249.265 261.402 266.976 270.767 275.051 278.733 278.961 281.272 282.666 
270645 256.137 263.991 269.837 272.929 277.126 279.818 280.023 283.893 286.115 295.462 
917488 189.758 191.617 197.216 198.663 200.646 201.497 203.158 208.624 209.079 209.621 
530910 208.583 214.891 216.85 230.495 232.308 232.744 235.31 235.465 236.633 237.006 
367873 239.591 245.89 248.566 251.131 262.08 262.246 263.167 266.419 269.946 272.191 
236106 149.362 180.28 186.558 192.44 196.939 199.085 199.108 202.366 205.141 205.735 
961064 226.031 264.679 277.105 286.655 298.848 323.65 327.272 330.291 331.848 332.654 
950941 270.289 295.79 303.18 304.261 304.826 304.99 305.38 306.734 311.525 315.615 
794043 252.551 266.195 275.476 283.871 284.146 285.58 291.076 291.779 294.702 294.964 
52538 207.147 228.681 242.854 243.908 246.148 248.121 249.303 250.036 253.379 254.386 
898798 251.398 251.752 261.36 261.362 268.22 271.796 273.448 273.739 275.434 277.363 
580540 295.927 299.775 301.879 312.227 318.765 321.908 325.155 327.289 328.376 328.912 
620369 341.378 343.219 348.925 350.076 350.374 351.669 352.023 352.653 359.061 360.756 
403372 260.563 265.915 276.353 283.716 287.885 290.715 291.664 294.213 295.747 300.208 
16262 296.339 297.75 309.535 311.092 315.555 316.236 317.465 317.676 318.233 320.181 
588422 277.777 292.758 298.694 300.275 306.312 309.162 314.943 319.511 320.109 323.463 
511753 246.014 271.647 282.45 284.065 284.471 289.489 296.724 296.801 297.647 298.366 
755204 210.808 225.94 226.958 235.402 237.167 240.206 240.795 241.551 245.559 249.828 
403644 324.566 328.11 340.222 344.058 345.973 351.925 352.209 352.78 357.374 357.669 
177684 325.533 340.733 341.29 345.531 349.465 349.553 350.863 350.952 355.517 356.668 
431597 187.47 190.457 223.799 229.146 233.876 236.258 238.304 238.585 241.533 241.804 
532225 320.241 325.341 326.59 332.199 340.263 342.297 342.762 343.064 344.385 345.117 
742232 187.627 191.7 193.943 202.84 207.307 208.391 212.908 215.606 222.926 223.159 
736319 198.038 207.911 210.839 215.701 215.822 216.885 217.816 218.252 219.224 219.968 
262147 259.977 270.398 277.473 278.808 280.877 282.285 282.97 284.16 288.881 292.175 
948651 285.323 298.178 308.628 313.721 316.436 323.286 323.809 327.228 327.736 328.107 
595921 189.193 208.933 224.722 226.027 228.873 229.835 230.308 234.113 236.191 238.615 
44373 294.69 300.122 319.473 323.623 333.287 334.861 340.464 343.331 345.355 347.161 
843585 291.491 312.46 314.108 314.201 324.447 344.158 345.243 347.137 356.406 356.922 
329553 261.192 278.957 280.678 284.435 285.617 290.553 291.981 304.181 307.966 309.545 
446680 48.2597 58.4893 58.7622 71.2741 74.6927 74.8131 88.4816 95.6922 109.009 110.517 
30217 160.359 161.87 167.702 167.923 186.199 186.475 190.16 200.487 202.499 204.888 
190330 152.476 199.802 218.241 227.181 232.635 235.71 235.877 235.919 237.247 237.388 
29378 287.226 340.489 352.911 353.836 358.155 368.346 372.671 379.544 384.424 385.117 
508392 202.406 203.782 215.914 217.617 220.175 221.917 222.365 226.449 228.72 229.6 
380207 220.15 246.12 252.014 269.268 269.397 275.619 276.832 277.532 282.113 283.401 
658854 253.458 258.405 261.203 262.614 265.878 267.365 270.599 272.837 275.911 280.927 
68873 246.589 252.43 252.519 253.754 258.407 261.521 263.737 267.46 269.824 273.847 
603734 279.971 285.261 286.189 288.837 296.474 299.922 300.038 301.352 303.45 303.467 
202771 267.125 281.883 302.481 302.88 311.654 312.677 313.069 316.719 322.91 324.957 
44279 235.223 239.466 249.285 254.708 256.02 262.116 266.614 267.776 269.056 269.626 
469924 204.02 230.196 239.148 255.979 286.972 293.171 296.417 296.816 299.855 300.088 
111575 311.715 325.308 327.223 327.377 332.47 335.406 338.542 340.802 341.795 342.006 
283248 271.465 273.178 289.472 297.557 301.543 316.187 317.388 320.18 321.045 329.851 
5756 246.575 290.343 296.569 307.875 313.629 315.184 322.132 323.518 330.736 331.956 
930819 240.171 240.745 255.984 256.386 262.017 263.353 263.879 264.309 267.197 269.236 
254991 230.981 243.491 265.814 274.325 279.308 283.731 284.077 284.763 286.472 290.226 
899065 259.709 273.708 276.007 278.16 285.613 286.196 286.379 289.465 290.153 291.493 
281458 171.386 179.647 181.13 201.866 205.633 210.243 211.696 215.919 215.942 216.261 
45866 248.679 261.331 268.466 276.888 277.451 278.781 284.536 290.417 292.486 295.55 
37485 305.197 312.114 317.682 344.796 354.065 355.372 359.274 361.726 361.918 362.392 
605118 228.09 236.013 240.88 248.992 249.586 254.908 255.937 257.967 258.565 258.735 
740078 232.674 250.944 251.49 251.758 274.078 277.698 283.057 283.681 284.865 285.554 
125823 275.512 302.506 309.351 317.703 319.229 320.167 321.173 333.497 335.351 338.519 
772021 243.848 254.574 256.388 256.451 256.718 259.191 261.015 262.29 264.989 265.238 
605421 208.192 208.327 211.256 214.83 215.789 215.863 218.941 223.087 223.886 234.243 
686751 166.033 167.457 171.207 177.291 178.073 185.744 187.003 189.18 192.208 193.977 
340501 273.209 276.689 283.824 288.576 291.173 303.518 305.848 308.917 314.377 315.23 
947503 178.821 179.602 184 184.77 185.046 187.843 188.746 192.902 194.897 195.12 
356831 242.328 261.744 279.514 284.97 291.409 294.647 298.275 301.495 301.498 305.052 
989707 218.435 219.294 228.123 237.447 242.555 242.842 247.734 249.469 251.199 253.146 
579528 220.737 228.95 246.607 262.269 267.082 271.529 272.108 273.39 277.768 279.034 
262195 193.016 239.128 240.761 243.243 250.787 256.086 256.121 260.056 263.53 266.475 
650622 179.254 181.662 199.875 207.138 209.962 217.819 221.54 236.863 241.611 244.898 
684226 218.525 222.67 223.038 234.932 235.667 238.946 242.361 243.803 247.647 254.788 
322702 208.195 208.914 215.36 215.958 217.389 223.484 224.41 225.38 229.096 238.665 
381627 211.582 237.283 237.905 237.918 239.71 241.027 248.32 249.816 250.312 255.249 
939447 312.386 327.107 330.82 337.609 352.83 357.388 359.188 360.246 360.486 374.66 
545687 289.382 320.177 339.719 347.971 349.299 360.253 362.391 370.895 371.337 372.665 
659063 239.015 259.122 261.033 266.199 272.533 278.588 280.715 287.164 288.664 291.091 
760736 283.708 299.505 308.879 312.64 313.922 314.925 319.207 322.393 322.873 326.611 
630441 306.782 314.398 320.991 333.492 337.04 337.589 340.614 341.687 341.748 344.822 
680735 280.218 292.236 293.435 294.557 302.038 306.209 312.079 313.021 314.29 316.127 
461712 204.59 229.669 244.794 255.979 258.407 259.958 263.281 265.338 267.137 267.249 
6107 209.225 225.65 225.725 229.689 235.446 236.652 238.22 238.577 241.371 244.1 
57773 230.773 245.852 250.681 254.006 261.128 263.953 267.101 267.81 275.576 279.145 
414975 317.35 335.465 336.305 338.334 342.621 347.492 350.468 353.081 354.601 354.955 
825527 147.75 150.795 160.767 167.26 173.994 180.533 200.047 209.814 210.395 211.187 
134544 277.094 299.231 299.688 302.676 318.135 328.177 329.823 330.636 333.176 335.559 
910236 239.368 252.367 269.857 283.512 292.204 295.28 297.83 299.656 302.235 305.206 
112613 145.159 190.239 194.384 200.604 204.406 207.747 207.762 211.111 217.361 219.344 
665257 232.813 249.199 260.248 275.643 277.182 281.205 281.519 290.183 291.022 293.367 
372838 267.215 283.581 298.257 316.765 321.395 348.281 351.125 353.84 360.744 361.874 
519856 182.477 187.417 189.138 195.474 208.928 210.903 213.321 214.504 219.82 220.674 
534151 244.481 256.014 258.008 261.998 262.265 263.636 265.998 267.146 274.285 275.556 
545359 161.093 163.264 177.795 178.152 179.878 185.534 188.605 194.584 198.305 203.261 
992567 302.26 309.052 316.585 321.19 323.173 323.345 323.886 328.204 330.1 333.426 
64221 250.567 256.137 263.892 277.546 278.289 281.224 281.902 284.45 287.639 290.756 
545056 290.333 296.054 302.309 322.38 328.061 328.637 333.165 336.06 336.665 345.254 
335040 228.858 251.277 253.198 253.915 256.988 260.849 271.054 271.941 272.226 274.179 
958452 309.285 319.776 350.111 352.772 355.467 358.417 365.038 367.414 368.535 370.482 
281077 300.008 310.691 312.456 312.645 322.327 326.026 328.845 334.767 340.325 341.791 
860224 331.563 333.144 335.975 344.038 344.813 346.994 347.171 350.354 355.132 357.792 
104901 209.306 215.993 217.807 221.651 226.528 226.676 233.912 233.912 234.578 234.981 
767560 202.297 296.832 303.493 306.663 307.086 310.73 311.7 313.914 315.171 316.269 
309602 219.704 219.968 224.361 230.458 230.539 230.822 239.063 244.414 244.557 247.958 
661145 242.155 257.21 262.8 267.305 276.038 279.004 284.308 286.003 289.993 290.114 
978820 322.74 324.88 340.081 344.108 346.541 348.914 350.408 357.132 359.121 364.114 
715028 331.723 336.589 340.494 342.069 355.896 356.094 356.609 358.335 360.29 360.692 
628730 262.113 267.752 279.689 280.838 281.245 288.636 289.076 290.277 290.346 290.978 
872642 275.44 276.767 280.319 285.324 287.057 288.127 307.093 307.894 308.495 308.626 
180114 213.443 216.659 239.134 241.141 243.393 246.725 248.373 252.359 253.775 254.604 
90865 243.998 245.935 263.072 272.119 276.147 282.039 286.384 290.715 291.151 294.032 
439574 249.646 259.031 268.916 276.771 277.171 287.877 291.033 295.522 303.45 304.15 
447652 247.897 292.688 297.498 304.788 316.577 319.097 321.29 322.098 322.902 324.35 
749273 226.502 235.998 239.604 256.848 259.324 260.382 263.118 263.528 264.569 264.626 
395155 308.175 328.968 329.864 340.378 344.187 347.356 348.604 353.258 354.673 355.232 
414488 271.234 309.924 318.94 320.921 324.751 325.364 325.751 328.258 331.442 332.947 
136499 330.371 338.404 354.394 356.135 363.508 364.99 370.919 372.399 377.48 377.906 
11314 198.005 208.48 222.76 231.471 240.923 244.669 248.298 254.513 258.915 259.33 
102827 232.783 243.604 248.105 248.674 252.97 254.081 257.099 258.203 269.321 270.823 
291658 265.564 291.832 312.34 319.432 322.102 326.66 328.104 334.048 335.754 337.634 
496982 283.863 289.601 304.839 310.14 311.96 312.17 312.284 313.2 317.739 326.25 
716583 167.797 216.211 218.422 240.339 242.592 243.473 243.588 244.759 246.984 246.998 
716533 241.205 250.032 266.008 267.754 272 272.912 277.355 285.352 285.554 286.998 
979095 253.207 282.498 290.752 291.753 298.089 298.886 300.907 301.667 309.243 309.404 
449920 264.477 270.74 277.217 285.181 291.304 293.804 296.248 297.553 300.21 300.325 
123455 267.5 290.739 306.666 307.064 311.334 314.38 314.873 322.777 324.359 324.44 
22380 154.169 205.55 210.2 215.859 218.406 222.122 231.16 235.253 235.797 236.949 
241039 217.851 257.414 260.966 268.125 269.347 274.04 286.393 288.756 295.13 295.863 
322820 269.585 280.355 285.154 287.157 290.735 290.789 296.365 297.652 306.796 307.664 
606183 258.633 277.739 282.057 286.576 287.145 289.903 292.578 296.661 298.849 298.878 
398482 278.826 290.661 297.51 303.186 304.298 306.5 309.361 311.453 312.038 314.048 
629270 315.362 339.01 339.694 339.776 341.273 341.296 343.788 347.574 354.085 354.674 
293686 169.366 184.689 193.52 193.979 195.783 200.397 202.736 206.298 216.086 218.011 
952204 244.52 253.541 257.771 270.786 271.03 272.685 276.756 277.076 278.119 279.07 
570591 264.79 267.92 269.08 269.162 272.811 275.075 278.413 279.891 281.718 287.165 
39394 184.662 213.481 217.099 233.484 235.223 262.359 268.762 273.457 273.932 276.149 
292026 203.674 233.069 235.011 240.707 243.237 246.431 248.183 248.236 248.365 250.771 
990372 286.358 316.387 325.283 326.823 327.634 329.93 333.667 339.08 340.198 341.319 
65300 308.187 309.919 321.067 322.991 328.548 329.463 336.632 338.188 342.307 344.822 
24527 213.476 225.053 225.816 227.469 229.114 229.349 235.387 237.337 238.835 240.927 
866044 266.674 268.727 300.606 300.953 315.723 317.655 320.793 323.941 327.344 330.121 
660412 130.618 133.727 135.259 137.306 142.222 143.077 144.731 150.057 150.439 154.81 
704056 267.604 268.239 284.863 286.259 288.435 298.096 298.726 304.273 306.583 307.093 
956686 165.475 176.264 185.693 189.523 195.085 197.018 197.798 199.847 202.768 214.1 
563214 268.762 275.839 284.252 289.213 291.46 293.094 295.019 300.433 301.136 304.089 
509053 278.282 287.58 312.827 313.638 316.534 320.123 320.509 320.737 320.738 322.025 
389623 253.772 267.221 268.594 278.453 291.457 294.304 300.693 303.099 308.576 309.789 
661463 221.772 223.719 227.475 230.276 231.72 233.572 235.364 236.867 239.754 239.86 
249257 212.045 221.664 238.638 239.666 240.497 250.332 253.203 255.723 262.059 263.613 
774723 245.418 285.056 288.458 295.349 296.707 298.525 300.937 303.318 305.264 305.275 
906154 190.885 214.294 218.037 227.612 228.44 228.513 229.31 232.824 234.794 234.885 
667625 227.055 245.565 255.945 257.274 257.82 258.438 259.06 260.59 261.203 262.061 
81698 212.657 220.114 226.833 228.799 236.453 240.508 243.606 246.238 246.536 250.669 
418926 342.991 356.73 361.172 361.978 363.74 369.179 369.446 371.357 371.961 374.334 
791161 265.486 284.503 287.668 290.789 293.685 299.857 312.976 314.032 315.105 315.376 
360366 308.605 323.026 325.994 339.722 343.405 346.728 347.056 347.957 349.503 352.456 
520695 151.572 189.114 193.486 201.829 204.626 212.033 215.949 217.168 217.844 218.037 
398972 315.336 317.755 334.939 336.025 338.022 340.184 340.925 345.618 347.524 348.138 
723456 151.704 157.194 159.769 160.879 161.065 161.567 162.548 166.289 170.147 171.304 
681607 301.367 302.476 308.951 311.904 318.664 318.685 325.128 326.644 327.481 328.222 
90820 191.567 208.983 212.502 212.88 218.856 221.441 222.025 222.439 223.808 226.248 
895731 181.419 197.775 206.148 220.572 225.479 227.638 232.375 233.917 235.693 241.773 
762080 81.1357 124.551 169.862 179.391 181.788 182.748 184.062 197.238 204.304 209.378 
905518 145.365 149.151 149.235 150.373 151.793 152.784 153.16 157.356 157.398 159.129 
726449 260.5 286.276 312.562 312.981 313.284 314.349 322.941 325.397 326.104 327.087 
716193 250.819 253.49 265.752 265.808 274.678 274.865 277.036 277.654 278.821 279.544 
582886 335.44 335.626 336.763 341.029 350.48 353.62 365.264 366.33 374.107 374.727 
63714 317.679 347.912 353.33 356.88 357.423 362.387 364.347 364.815 365.005 368.555 
687311 273.785 299.092 300.822 302.394 307.49 308.005 313.645 313.895 316.653 322.673 
574579 255.29 266.312 268.596 272.751 277.696 288.359 288.912 299.755 302.985 305.313 
921465 186.668 214.308 222.207 224.067 228.449 234.435 238.701 240.027 244.348 247.469 
621088 255.198 275.792 312.85 313.477 316.468 318.906 320.681 322.875 323.6 329.679 
787376 245.237 258.513 268.27 268.33 285.401 300.892 306.747 309.202 321.528 323.748 
329339 303.414 305.067 305.951 309.192 309.619 311.572 311.646 313.552 313.729 315.398 
27053 253.428 276.718 307.104 320.511 320.893 325.624 329.287 332.543 333.629 335.377 
760023 309.622 317.723 322.645 322.837 323.053 325.773 326.028 327.681 327.776 331.317 
618068 294.173 307.724 312.578 320.883 326.552 334.241 334.295 337.141 338.957 344.305 
886032 175.79 275.603 300.087 304.501 306.359 306.689 311.793 312.434 313.892 326.314 
505212 288.557 288.602 299.568 300.137 311.71 315.105 315.251 315.701 319.028 319.412 
444161 294.898 301.917 311.654 319.348 326.994 327.018 332.551 334.73 336.375 338.607 
342901 313.206 314.18 316.076 318.063 323.381 325.81 329.26 329.776 330.914 332.736 
250202 197.466 221.396 227.427 228.055 239.136 243.614 254.214 257.282 257.758 258.639 
743778 211.913 228.252 240.527 244.111 245.459 245.85 247.196 248.163 250.645 255.734 
531953 226.716 259.871 262.12 274.8 280.457 281.762 284.195 284.199 285.846 288.818 
162665 275.418 281.752 291.446 293.252 298.33 306.268 307.589 308.211 309.464 314.415 
284632 250.647 298.317 306.496 318.984 327.272 327.796 328.495 328.548 331.986 334.105 
229711 193.698 200.759 214.656 214.744 218.248 224.548 225.238 227.576 228.215 230.712 
179570 230.768 253.827 267.75 268.762 275.173 279.043 284.121 286.861 290.883 293.321 
218364 338.838 352.055 378.353 380.354 380.856 382.103 389.478 391.593 391.677 392.404 
721807 279.682 304.371 324.322 332.108 337.772 342.113 345.24 345.748 349.202 350.124 
168450 262.282 279.582 287.948 288.552 294.554 299.47 301.101 316.533 317.481 318.853 
65133 337.503 355.443 356.118 359.451 359.655 362.015 372.599 372.932 376.789 387.336 
263756 253.008 271.917 273.198 307.184 309.309 311.726 324.918 325.515 336.639 341.152 
413950 289.548 296.57 319.467 321.016 336.866 336.957 337.036 342.845 342.984 343.296 
291177 264.494 300.734 307.3 312.112 314.247 315.799 320.387 321.806 323.227 324.912 
913176 213.621 228.867 235.136 237.133 239.773 240.11 244.878 244.89 246.581 246.733 
356252 235.242 250.142 250.866 264.38 271.011 272.422 277.894 277.995 279.996 285.089 
870167 187.494 198.368 215.386 237.855 242.427 245.528 248.92 249.73 250.655 251.529 
198659 277.464 280.403 286.044 286.147 288.957 289.491 290.029 291.59 291.608 298.766 
87241 228.055 232.577 238.805 242.526 244.547 254.071 257.599 259.318 262.873 263.285 
596496 270.795 288.792 297.343 302.263 306.801 309.519 310.384 312.384 312.973 315.416 
919762 148.926 169.254 173.522 177.578 182.135 188.332 193.101 195.131 195.451 195.888 
235724 313.147 331.156 366.33 372.544 375.569 376.703 378.806 379.741 380.217 382.54 
186595 329.494 329.761 349.389 355.775 355.958 361.028 361.762 363.22 364.679 367.008 
850235 233.696 240.121 241.677 246.534 249.277 251.869 253.115 253.269 255.304 257.214 
796669 272.428 295.55 313.756 322.523 322.574 323.606 325.653 327.634 330.835 338.689 
437539 233.193 246.97 247.295 248.185 248.61 257.866 261.622 271.908 281.194 284.146 
809906 131.343 147.027 150.911 158.792 160.371 160.646 161.617 163.484 164.143 172.705 
948086 242.792 255.498 261.53 263.348 266.008 269.032 269.653 269.702 270.477 273.34 
572028 141.859 159.7 162.453 165.647 166.223 168.947 175.792 177.434 178.581 184.648 
281214 297.819 301.889 318.471 329.434 331.687 334.77 335.568 337.074 340.137 341.962 
916522 187.742 206.923 211.495 212.231 219.716 219.789 225.038 229.031 230.543 230.71 
928188 302.903 307.773 309.495 314.592 316.924 318.782 318.859 319.06 331.76 335.225 
353776 269.514 279.946 287.124 297.146 301.291 301.889 302.422 306.142 313.677 314.236 
267149 153.202 154.629 165.723 169.579 170.458 190.281 190.859 192.723 193.786 193.858 
609207 210.699 211.088 212.415 215.736 217.773 220.322 221.197 221.536 221.833 222.241 
135304 286.376 306.835 312.095 314.794 316.635 317.43 324.894 326.907 333.492 340.62 
862352 230.558 254.845 259.428 268.913 272.809 273.395 273.609 274.035 274.135 282.423 
420709 214.737 221.296 225.562 228.405 231.679 232.585 233.816 236.958 241.727 242.448 
451186 186.989 203.558 206.741 221.398 224.927 227.798 228.921 229.991 230.864 231.039 
720211 118.579 139.882 143.339 145.289 164.788 168.372 168.532 168.736 172.319 173.721 
889690 245.888 251.211 251.77 253.874 255.996 256.706 257.515 258.559 260.077 263.784 
948159 263.486 276.132 280.626 282.22 287.48 289.493 289.496 293.993 296.017 296.896 
864522 256.848 272.991 295.185 295.885 301.826 318.288 321.455 321.636 325.885 335.427 
506423 242.147 242.691 249.137 262.8 264.698 271.332 275.073 277.364 279.78 282.207 
424403 168.003 169.541 174.508 178.762 178.762 180.527 182.918 185.968 186.757 192.894 
284745 308.337 339.623 341.315 352.024 364.955 370.742 376.234 380.43 387.563 388 
873776 273.732 283.926 284.271 286.854 302.065 303.107 306.078 314.469 316.479 318.347 
73656 320.457 326.699 330.374 330.897 335.26 344.37 344.778 347.922 349.674 350.504 
522933 229.615 244.025 244.264 245.32 255.065 255.619 259.588 260.488 261.838 261.922 
675841 278.762 298.585 302.293 305.645 313.453 317.638 319.019 319.373 319.665 321.584 
698606 302.566 316.803 322.242 322.377 327.214 327.574 331.917 332.014 332.149 332.67 
610061 256.977 265.646 272.747 280.443 282.392 283.219 284.315 291.144 291.565 291.866 
941421 132.492 152.532 155.248 163.973 169.062 171.099 173.121 179.301 182.655 183.638 
720357 231.149 258.244 261.574 263.93 284.359 286.376 288.602 289.636 292.467 292.976 
9773 298.421 300.624 314.318 322.253 326.581 326.634 329.551 332.006 333.083 340.751 
270270 284.429 298.49 303.626 312.056 313.626 316.258 320.917 325.88 329.832 335.377 
583392 300.133 305.791 312.792 318.192 318.832 320.137 321.234 322.32 322.462 323.572 
411669 266.16 309.737 316.397 322.194 324.549 326.319 343.932 348.056 350.226 363.307 
179336 209.39 230.167 250.346 255.282 260.858 269.347 273.06 274.075 275.432 280.082 
555218 238.445 286.25 287.46 287.592 291.482 291.916 294.771 297.965 299.154 299.553 
686336 308.138 323.717 332.881 333.29 334.428 335.358 338.513 341.972 343.612 346.377 
579326 282.896 286.672 300.957 318.431 319.561 321.111 322.735 323.441 324.119 340.384 
921293 196.881 200.577 202.494 202.766 207.913 208.096 211.279 214.541 214.835 215.214 
552139 287.162 288.035 341.261 344.311 346.22 347.124 349.543 349.824 352.044 352.23 
118826 214.786 223.069 228.281 235.072 240.768 245.151 247.512 259.422 259.422 259.422 
642676 149.482 152.709 152.81 153.457 154.845 156.783 157.762 157.877 160.72 161.019 
516101 230.33 248.185 249.818 251.662 252.642 253.02 253.124 254.737 255.027 266.957 
227906 285.326 287.303 309.406 311.429 317.651 329.173 335.383 338.501 340.627 340.762 
928177 260.925 261.482 265.011 272.213 274.188 277.388 279.27 279.934 280.769 282.005 
216110 280.004 292.366 303.763 305.28 307.366 312.504 315.574 315.957 316.923 317.106 
877078 229.913 240.934 241.607 245.984 254.698 257.307 258.617 259.84 262.65 265.192 
922343 288.756 302.144 306.387 310.119 312.053 313.465 317.038 322.613 327.521 330.733 
510959 262.258 279.242 280.516 302.884 308.597 309.758 310.366 310.728 312.242 316.125 
229783 243.195 248.33 248.371 248.439 248.574 256.014 257.163 257.622 257.986 258.126 
323207 263.124 272.415 272.764 277.047 280.264 281.119 283.078 283.253 283.577 285.703 
480444 192.813 210.067 210.668 212.554 223.904 225.814 240.021 242.219 243.304 244.004 
506315 268.944 285.725 299.485 307.187 308.49 311.639 314.372 314.571 317.762 317.786 
87085 175.79 180.183 190.316 191.995 193.399 194.337 199.286 210.763 213.631 214.795 
847585 96.2653 100.344 103.407 103.769 104.919 105.788 110.204 113.609 118.735 119.327 
580197 131 138.232 173.02 181.135 188.892 190.258 190.515 190.733 191.812 193.189 
968563 279.428 311.897 316.929 340.918 342.92 349.97 350.977 352.459 354.457 358.022 
771370 258.482 278.914 288.439 288.461 296.321 296.469 297.898 300.907 301.412 302.551 
881348 300.977 302.927 318.42 323.776 329.337 335.081 338.013 340.414 342.965 343.785 
346228 296.87 302.24 311.896 313.605 324.116 327.229 334.754 342.171 344.91 346.066 
107356 293.305 296.5 301.485 306.575 316.351 316.555 317.866 322.116 323.776 325.248 
208950 307.812 318.368 324.76 326.092 336.027 336.635 337.7 339.019 339.865 343.357 
372637 200.187 206.16 221.768 222.56 223.278 226.932 227.266 227.436 229.93 231.797 
469133 162.182 166.562 171.59 175.798 178.432 187.011 190.195 193.261 193.396 195.261 
587003 325.034 328.519 328.738 329.656 333.687 339.258 340.834 342.797 347.107 347.492 
533898 325.457 328.35 335.859 337.383 341.993 354.951 357.161 362.578 369.477 372.859 
619055 175.872 202.497 212.638 227.359 228.425 229.24 234.29 235.268 241.547 244.143 
670851 287.633 291.364 298.602 305.648 308.295 309.729 309.969 310.176 314.166 314.883 
667155 186.36 194.561 215.107 217.35 218.38 220.268 220.563 221.213 221.33 227.174 
721202 199.765 203.308 205.521 209.507 211.232 216.887 217.603 220.045 222.886 225.011 
628483 304.365 311.543 316.71 334.423 336.556 337.288 344.278 347.602 347.782 347.981 
190667 247.21 248.417 253.951 262.73 270.692 279.324 288.702 288.978 297.143 297.357 
914866 313.409 323.611 330.973 333.072 333.09 334.603 340.858 344.751 345.223 358.597 
237942 231.197 237.112 241.431 243.512 244.941 249.393 254.242 254.631 261.828 266.199 
807630 181.576 181.753 198.444 201.502 204.673 219.139 220.474 220.608 228.022 229.658 
232465 206.485 234.651 244.027 247.705 252.494 253.158 261.694 270.05 274.182 274.467 
508894 234.369 243.374 252.998 254.059 258.699 264.348 265.217 267.434 272.151 273.808 
474236 213.609 214.46 222.072 223.134 226.367 227.176 229.841 241.199 244.518 246.737 
239203 177.84 181.086 190.531 190.9 192.273 192.691 198.449 202.931 203.728 207.839 
376983 190.139 215.583 219.604 233.431 258.165 272.941 295.506 296.522 297.096 313.179 
639430 150.771 162.561 164.362 170.851 179.379 181.466 184.916 185.424 190.672 192.242 
54331 148.899 160.879 162.364 165.036 166.217 166.241 166.241 167.141 167.284 169.912 
218695 248.421 254.462 266.312 269.017 270.74 270.902 271.219 273.254 286.431 286.763 
361793 264.558 267.671 270.218 272.566 273.328 274.428 275.24 275.815 276.04 276.183 
537615 143.673 146.41 153.555 153.912 154.864 157.006 157.347 158.934 160.456 160.484 
450724 260.127 268.145 273.655 274.956 275.895 278.029 280.209 280.298 283.547 283.907 
998617 226.263 227.004 257.523 267.438 273.046 275.438 279.535 282.931 284.232 285.837 
197566 262.25 269.646 273.69 283.45 284.623 285.288 288.324 289.506 289.619 289.626 
339287 211.265 224.051 226.345 237.006 245.194 247.457 255.196 257.756 257.891 260.611 
763405 170.86 178.855 182.209 182.634 184.06 185.238 186.094 190.31 193.336 193.404 
129543 297.042 299.257 324.332 324.349 339.22 341.063 342.408 346.751 348.521 348.6 
378787 256.854 268.298 272.006 274.814 275.431 276.205 283.445 286.552 291.44 291.7 
484112 276.771 312.218 314.134 317.903 322.267 323.379 323.656 326.25 326.435 328.614 
48258 282.257 302.729 306.656 312.89 317.161 317.906 323.852 326.907 328.582 330.45 
226815 294.876 299.186 303.477 304.979 305.671 308.256 313.35 316.708 317.755 319.312 
202773 297.647 305.871 307.778 315.336 321.952 324.886 328.577 331.156 333.621 337.476 
980234 140.139 147.16 149.526 160.782 161.047 162.754 168.831 170.684 176.065 176.4 
371602 256.87 309.081 313.187 316.751 319.097 321.728 328.285 334.512 335.742 338.381 
449191 188.854 212.485 216.083 225.774 227.381 232.172 232.439 233.225 235.82 238.518 
497608 302.437 302.726 311.214 327.684 332.134 335.775 342.056 342.298 343.189 344.307 
42150 199.617 216.834 221.165 221.301 228.629 230.026 231.81 232.884 233.465 235.977 
368487 197.651 243.033 245.864 271.172 280.237 281.879 283.189 284.452 286.779 290.293 
12800 199.028 201.032 213.382 219.918 221.472 230.217 233.756 234.6 235.415 237.127 
648885 253.894 265.083 268.658 269.173 271.345 273.223 277.908 278.431 279.326 280.523 
676279 127.031 138.025 138.206 143.666 144.305 144.437 144.516 144.99 146.571 147.319 
893944 280.701 282.655 296.437 296.653 299.488 304.062 304.066 313.104 317.862 319.41 
82380 282.733 283.034 296.101 297.057 297.834 300.772 301.131 306.868 307.127 307.724 
316175 273.43 288.565 306.142 314.062 315.086 323.515 326.48 329.298 332.983 337.476 
836570 265.507 274.831 275.65 280.207 281.448 286.231 291.325 291.623 293.59 294.165 
635621 303.763 322.617 324.749 328.805 335.388 336.009 346.095 347.806 350.877 353.028 
534607 238.73 283.26 300.694 302.685 309.194 317.326 322.707 325.467 330.985 332.889 
869312 184.293 190.984 220.715 224.116 227.229 232.725 237.352 237.464 243.551 245.155 
415872 131.738 267.019 277.177 290.93 291.189 294.194 308.696 310.114 312.679 313.35 
758273 244.129 247.615 251.724 255.302 255.472 266.963 270.146 272.556 273.534 274.135 
736673 288.761 300.609 309.813 313.661 318.839 322.648 324.12 325.071 325.403 328.807 
338654 208.83 214.453 222.531 232.131 235.147 241.114 241.284 250.515 256.959 258.017 
435203 318.771 323.87 329.83 340.171 343.683 344.479 359.448 360.575 361.761 364.361 
255549 224.292 246.84 258.617 275.659 275.933 281.496 283.101 286.372 287.529 288.349 
26865 143.628 186.062 223.336 231.601 241.106 250.555 257.632 263.937 269.212 273.384 
817096 297.637 307 312.698 320.365 321.23 330.563 330.802 331.127 332.654 338.731 
416347 250.962 254.228 280.191 281.043 281.702 283.759 283.933 286.301 286.379 288.449 
672226 153.698 198.59 210.756 211.823 217.979 222.324 222.749 226.015 233.651 238.468 
713474 241.073 251.332 251.639 259.01 260.751 267.062 268.688 270.281 273.112 274.461 
822714 236.483 240.516 245.915 252.293 254.266 255.912 257.911 258.184 261.448 262.671 
358000 288.175 291.909 301.606 310.268 310.926 321.764 323.917 324.456 324.843 327.509 
321256 291.186 304.339 307.937 314.906 327.144 327.322 329.035 333.063 334.562 339.088 
449057 179.524 221.258 231.983 240.695 242.627 248.351 255.161 257.432 257.973 261.454 
148919 284.782 289.86 290.389 295.765 295.845 295.986 299.192 306.054 307.875 309.966 
965467 147.543 173.014 177.2 178.138 181.874 184.499 184.765 185.011 185.456 189.246 
122516 248.759 259.453 261.704 265.908 267.909 268.782 271.976 276.062 278.771 279.125 
74756 284.71 291.508 305.446 323.116 324.231 328.046 329.375 334.689 338.084 341.092 
850734 277.303 285.033 286.416 288.536 288.829 289.838 295.454 297.767 299.349 300.267 
944845 252.555 264.569 267.554 268.808 273.598 280.993 286.468 290.181 290.737 294.286 
636818 215.741 242.611 248.934 259.066 259.095 261.969 264.853 269.909 270.028 273.595 
57581 154.075 166.775 172.119 173.776 176.389 177.587 177.983 180.505 181.7 183.763 
582741 350.166 350.177 351.854 362.917 377.16 382.385 390.493 392.869 393.033 394.871 
29023 331.678 332.823 342.317 343.673 344.751 348.481 350.003 354.963 356.094 356.765 
773837 319.232 331.236 335.835 340.053 344.006 349.049 354.787 356.397 358.162 360.003 
567695 228.696 237.998 239.025 250.272 251.496 254.378 254.431 255.235 256.523 262.214 
282541 243.121 261.193 263.323 270.133 275.418 279.258 285.228 285.636 285.895 287.576 
62322 298.731 306.925 319.29 319.354 319.909 320.537 320.567 325.338 328.527 328.868 
884433 227.046 228.291 243.471 246.376 250.032 255.486 261.22 263.649 268.27 270.684 
71358 231.84 239.687 242.157 245.976 247.291 249.756 250.108 253.421 262.214 263.173 
629656 213.748 251.008 263.975 278.966 285.591 286.672 286.89 288.784 289.8 294.605 
826315 168.348 170.584 172.566 180.144 181.422 187.099 200.816 201.301 208.216 210.957 
908005 215.567 228.819 232.772 234.655 241.377 242.92 248.006 252.375 256.648 257.573 
828589 251.342 261.151 265.157 270.152 273.384 281.92 287.976 289.228 291.981 298.099 
613228 325.951 331.753 338.953 339.656 344.015 344.482 346.794 347.973 349.382 350.09 
283172 186.242 200.469 202.704 204.48 218.879 227.98 234.199 234.951 235.674 236.759 
246899 225.402 240.127 241.837 243.173 244.037 244.988 245.935 247.966 248.204 250.667 
233029 159.085 209.413 216.804 220.061 220.175 226.802 229.41 232.198 232.897 237.409 
933128 255.934 286.606 295.464 296.137 298.211 299.326 305.293 307.76 309.653 313.3 
157307 293.721 295.851 330.148 333.432 335.318 340.074 341.337 341.337 347.223 351.478 
410656 323.543 325.029 340.787 356.71 356.804 360.813 362.422 363.425 363.812 364.183 
630153 255.257 262.378 284.635 285.746 287.533 290.632 294.859 296.511 297.131 299.072 
739860 277.955 278.342 287.538 288.565 292.354 292.488 293.663 295.768 298.843 299.314 
812065 178.913 188.202 188.234 193.036 196.896 211.083 213.31 213.841 214.707 215.94 
316411 251.48 260.582 270.631 271.231 271.385 273.059 274.12 277.762 280.321 282.751 
777577 187.053 249.163 253.02 260.996 261.488 263.416 278.753 284.294 284.991 290.634 
591398 229.408 233.85 238.682 239.627 243.883 243.936 247.504 250.094 250.216 259.17 
344851 195.78 208.813 222.036 235.266 238.556 242.081 246.057 250.557 251.762 253.067 
472367 312.642 337.842 341.627 351.438 364.122 367.001 367.731 374.53 376.899 378.902 
711741 242.621 243.088 248.459 257.27 258.267 262.855 263.112 265.929 266.732 267.475 
843573 230.794 252.498 252.875 275.438 275.857 277.915 279.337 282 282.438 283.413 
687687 242.118 242.423 252.462 254.733 257.575 269.811 271.363 273.682 278.88 279.982 
566908 311.496 331.794 337.685 338.582 346.414 349.162 359.811 360.429 365.085 365.196 
452271 176.649 188.794 199.74 200.34 202.554 203.404 203.782 206.678 206.678 207.552 
212793 279.895 292.166 298.158 299.386 304.578 307.231 308.451 316.351 319.129 319.196 
413460 273.425 282.807 301.296 308.448 319.902 321.58 327.205 330.212 332.161 333.444 
112828 288.836 319.556 336.363 339.697 341.839 343.616 346.4 348.226 349.595 349.737 
855066 247.661 268.634 290.162 292.92 298.953 299.247 300.824 301.136 303.299 304.573 
67137 278.819 296.461 307.387 309.708 314.072 314.558 317.517 320.624 320.637 330.235 
44055 195.678 227.203 229.943 238.615 239.616 240.722 241.133 243.867 244.139 247.095 
842649 190.507 192.637 196.448 199.642 199.86 200.345 205.227 209.695 213.089 214.66 
365520 315.428 316.675 322.703 330.867 332.295 337.159 342.387 347.912 348.072 351.913 
832830 272.206 319.661 327.933 330.297 336.379 347.713 349.492 350.146 350.203 350.367 
281942 178.891 189.037 191.917 195.883 200.459 207.904 213.115 224.78 227.871 235.61 
942182 245.949 259.102 265.492 272.963 276.304 278.016 278.616 281.556 283.75 283.903 
672817 112.036 119.331 137.102 138.018 140.057 141.372 144.115 146.434 147.601 157.28 
916190 183.005 201.211 205.937 213.888 215.472 221.231 221.294 224.722 226.718 229.044 
60077 201.186 213.921 217.663 223.473 223.589 223.866 225.692 233.463 238.317 238.323 
342924 294.148 302.42 313.394 317.755 321.356 322.515 323.002 329.948 330.844 332.324 
342168 233.895 240.337 261.887 264.705 265.402 266.503 266.631 267.531 270.254 270.95 
86092 190.234 205.66 221.375 221.608 223.087 226.691 226.691 227.884 231.927 238.017 
349469 324.554 339.71 362.152 363.156 368.293 373.882 374.346 376.363 378.086 379.05 
854015 163.107 192.66 198.073 199.449 203.45 212.344 212.913 213.56 218.655 218.963 
650633 147.801 188.122 188.693 194.34 197.337 199.01 199.692 204.419 210.889 212.666 
203175 245.988 262.395 269.474 276.912 297.54 297.824 299.399 304.641 306.333 308.248 
700469 278.266 283.395 287.941 288.312 292.388 296.4 303.226 307.366 308.573 313.248 
409124 272.927 280.831 287.324 290.429 292.091 298.555 299.52 300.473 301.677 302.343 
482405 263.513 268.082 269.338 284.825 289.019 290.524 294.099 295.856 295.917 295.971 
303468 230.441 249.918 257.369 264.702 267.909 272.905 275.421 282.276 284.577 288.801 
197560 295.851 298.431 298.448 303.315 313.417 313.764 315.783 323.49 323.531 327.831 
264374 243.9 244.166 249.548 256.24 264.193 270.231 270.374 271.553 272.013 272.175 
146225 296.591 310.058 313.37 324.276 327.515 331.527 331.91 333.856 334.025 336.28 
633277 236.273 240.121 251.754 263.907 273.783 275.935 276.051 276.348 276.915 276.949 
588377 242.739 254.886 259.442 275.5 275.694 276.018 284.051 288.733 290.059 290.16 
727502 290.656 298.858 300.678 301.496 305.526 307.576 310.174 317.882 318.873 319.614 
61896 200.594 207.41 220.193 233.915 234.612 237.059 240.647 241.05 245.412 249.6 
402214 282.76 288.245 302.371 308.903 311.331 312.612 314.937 320.236 320.889 323.006 
346894 296.827 326.003 340.049 342.545 343.754 349.117 350.578 354.097 355.699 357.546 
537152 289.182 313.431 324.994 333.404 340.05 342.886 348.343 348.801 350.771 350.799 
229468 260.954 292.549 322.766 331.828 336.22 340.2 340.695 342.11 344.045 344.508 
258043 246.274 263.507 265.141 275.098 275.743 277.849 279.58 283.653 283.854 285.687 
135435 273.157 289.377 293.445 304.309 314.848 321.171 331.899 332.877 340.853 354.017 
701635 106.273 109.197 109.75 110.77 116.825 118.102 118.735 119.708 120.888 125.622 
666476 224.782 244.534 269.531 275.343 278.094 278.144 278.259 282.6 284.396 285.144 
642541 232.383 232.85 282.223 288.785 317.921 321.607 325.317 325.736 326.764 330.696 
377404 333.419 342.114 353.99 359.025 361.69 363.978 385.584 386.302 392.167 393.009 
744879 266.7 266.781 274.496 287.766 297.983 307.855 310.3 311.756 312.059 312.845 
488032 266.483 292.455 309.989 311.861 312.173 313.696 317.692 325.134 328.632 330.924 
807876 192.003 211.358 239.716 240.811 242.153 244.035 248.107 248.506 255.75 257.729 
312971 220.313 234.094 255.431 256.232 258.772 261.954 262.122 270.03 276.074 277.431 
19190 266.351 268.308 296.193 299.196 304.357 304.674 308.501 311.862 311.885 313.72 
979817 232.689 238.594 240.522 258.691 260.448 260.695 263.968 265.289 265.469 270.954 
427261 251.676 256.811 261.685 268.03 268.123 268.725 273.823 276.575 277.604 279.185 
647803 250.557 252.537 270.729 274.246 274.266 275.396 276.839 279.383 281.151 281.828 
592295 280.471 298.565 318.961 321.783 324.253 326.008 326.044 331.371 332.188 337.405 
653077 161.676 161.867 186.649 190.46 191.408 194.44 198.894 200.412 206.027 214.147 
839764 260.371 271.026 278.374 280.112 280.232 281.595 282.825 285.535 286.603 287.473 
937789 237.257 246.215 253.921 254.134 262.435 270.439 272.498 278.025 278.629 278.67 
859005 221.664 229.98 237.053 248.504 250.755 257.474 258.426 258.476 260.937 262.418 
588214 266.197 280.936 305.103 312.874 318.832 321.626 327.387 333.395 334.031 336.388 
56943 202.788 219.666 227.187 231.283 234.704 241.622 245.29 251.239 262.787 262.852 
991285 308.131 319.925 324.954 330.238 334.425 337.271 343.654 347.376 349.839 351.303 
723794 257.567 278.566 285.781 288.801 298.824 303.226 311.337 312.12 314.269 316.033 
717926 310.324 322.278 323.456 324.915 325.406 331.7 332.253 334.395 335.613 335.951 
209604 329.043 333.075 341.652 342.174 350.2 357.328 362.032 362.793 367.136 377.147 
385056 232.028 281.59 294.9 305.905 314.973 316.471 321.171 330.018 331.563 338.469 
296001 242.815 286.264 288.666 290.481 290.761 299.468 304.55 304.701 307.153 307.282 
130700 110.553 225.486 227.998 230.315 230.528 230.66 230.974 231.493 235.136 237.432 
371413 223.341 225.255 235.637 243.51 244.014 246.045 246.376 247.032 247.4 251.803 
85514 238.69 248.757 250.39 265.319 271.621 277.618 280.553 280.566 282.441 282.623 
923394 219.269 241.427 241.669 243.612 244.336 261.065 262.513 266.047 270.564 271.065 
404973 210.889 234.139 236.835 258.793 258.832 260.161 261.813 263.049 265.643 267.38 
830054 252.444 256.704 257.468 270.544 271.8 275.587 275.775 278.106 284.018 286.653 
323886 221.217 223.739 224.844 237.619 259.973 268.037 270.313 273.867 278.385 279.494 
155514 222.171 235.741 236.451 238.822 245.387 247.123 247.281 247.356 247.722 247.865 
21283 257.858 271.266 272.386 274.945 279.181 279.959 280.777 280.849 282.076 283.427 
669915 226.06 232.428 246.26 260.127 267.155 280.859 281.608 283.034 283.256 286.684 
113896 175.071 190.573 194.589 200.235 200.719 217.175 217.502 218.204 218.465 224.787 
852286 320.935 346.82 347.052 348.03 352.273 360.129 365.09 367.572 370.1 371.644 
770824 225.2 234.15 257.666 270.926 277.937 278.117 279.957 281.842 283.593 284.946 
670493 237.956 285.774 289.579 292.819 294.839 296.223 298.51 302.4 306.325 310.384 
11782 258.795 262.844 282.363 286.213 287.858 292.913 294.411 297.547 298.055 299.903 
812669 263.31 314.352 317.011 321.101 322.424 325.712 325.719 326.002 326.974 328.273 
108503 274.153 300.826 309.635 313.72 314.129 324.857 325.667 340.729 342.902 344.751 
426297 188.531 189.185 189.834 194.723 199.997 203.47 204.717 204.854 205.19 207.752 
140128 303.264 305.393 311.742 321.157 322.85 324.543 325.214 325.507 326.328 330.648 
305897 274.119 308.832 309.171 310.04 311.222 316.509 316.514 319.715 329.536 331.041 
20875 237.872 259.102 274.294 276.987 283.095 286.671 289.969 291.882 292.595 293.026 
357926 258.192 282.945 287.359 294.607 295.934 302.987 311.023 311.32 322.924 328.799 
101209 313.898 317.882 320.751 325.805 327.112 333.477 338.291 338.535 341.034 343.791 
341473 187.891 206.741 212.137 222 226.727 229.367 235.76 237.596 239.025 246.812 
284569 267.034 295.681 312.002 320.685 323.894 331.048 335.091 338.186 339.221 340.362 
488741 276.295 283.441 285.582 286.491 288.813 289.577 290.097 290.276 292.752 292.954 
81137 184.318 207.933 219.604 219.757 225.63 226.21 226.442 227.024 228.631 229.926 
998269 170.176 195.366 230.881 234.964 240.115 242.984 243.785 247.223 247.58 248.028 
295017 173.686 175.542 189.391 189.723 190.21 195.182 197.987 199.033 201.968 204.548 
827263 266.122 266.411 280.109 295.501 296.548 306.557 310.738 312.522 315.363 316.142 
988079 226.449 226.691 232.867 242.072 242.58 243.777 245.377 245.666 246.676 247.497 
899511 201.35 204.472 204.907 219.392 223.875 231.292 231.769 234.747 235.132 239.433 
138510 281.635 291.24 292.64 302.731 313.581 325.89 330.849 334.825 335.391 342.527 
750680 309.743 331.598 332.537 340.641 344.35 348.233 349.947 349.947 354.112 354.631 
842032 203.199 206.313 213.413 219.695 225.748 227.291 227.59 228.075 228.524 231.937 
741197 312.52 313.01 324.743 332.163 337.314 337.843 338.575 340.388 340.459 340.569 
362719 307.361 324.712 326.818 330.092 330.537 332.642 334.15 339.984 342.237 342.259 
101950 226.698 275.253 308.508 313.324 315.113 315.328 316.421 327.658 328.649 337.068 
781311 277.442 314.264 318.284 325.068 332.468 333.84 336.702 340.928 341.917 346.645 
923262 205.577 212.883 218.598 220.318 224.002 225.708 225.734 232.42 237.983 238.283 
941213 225.195 232.054 234.531 236.112 237.956 240.235 240.996 243.372 243.51 252.198 
126514 293.097 314.825 321.518 332.662 338.873 339.831 343.991 348.53 348.756 350.846 
750316 292.874 305.75 323.682 331.31 338.981 344.016 344.926 346.526 347.626 348.045 
366571 344.888 347.279 355.097 359.312 361.62 362.433 364.232 366.322 367.422 367.723 
815260 52.9245 64.1249 79.9062 89.3476 91.1318 99.935 124.391 128.588 132.231 136.704 
609857 253.896 258.271 277.188 283.984 284.232 285.321 285.853 286.404 291.002 292.26 
450857 273.134 292.701 306.011 309.701 313.842 322.282 328.302 331.803 335.091 335.783 
453948 309.618 311.103 315.745 316.144 323.6 324.349 326.143 330.959 332.59 337.096 
274320 241.427 254.572 256.26 265.236 268.866 269.702 271.873 272.534 281.97 284.572 
997628 289.142 290.711 293.517 295.478 301.947 302.088 302.217 304.475 306.894 311.512 
39656 282.53 293.16 294.954 296.061 297.7 300.93 303.257 313.882 324.903 331.377 
944072 305.485 305.788 307.356 309.677 309.692 312.661 322.577 329.146 331.715 333.687 
85881 374.652 379.359 384.217 388.707 390.615 390.722 396.187 396.632 398.151 398.53 
256073 203.826 246.093 273.611 275.527 278.273 281.954 284.38 285.167 293.808 297.069 
579070 220.554 223.741 227.194 228.132 243.113 247.631 249.187 251.774 253.202 253.744 
835087 225.854 226.473 227.846 230.809 237.053 237.784 249.56 249.932 253.919 256.332 
739985 217.157 228.094 240.008 270.193 278.853 282.154 284.22 288.302 303.279 307.039 
873152 276.212 284.561 308.835 313.763 313.866 317.199 330.897 331.738 331.783 335.367 
805979 310.29 331.574 346.67 349.703 357.255 358.73 359.495 362.651 367.532 367.932 
462430 286.292 301.912 334.362 340.686 347.086 348.306 351.94 356.854 357.262 359.989 
223486 216.901 227.387 227.521 231.562 233.23 234.461 234.691 241.118 247.903 249.175 
924623 270.97 276.449 277.119 280.453 285.899 286.944 289.156 290.85 291.568 292.559 
568878 229.772 249.319 257.713 266.734 302.286 302.69 312.541 314.298 326.891 333.377 
487075 245.943 259.06 266.545 269.318 273.306 278.067 280.182 281.725 282.161 291.529 
572610 190.798 192.447 195.89 203.85 217.917 221.84 226.387 231.465 231.601 232.187 
845641 257.039 263.93 267.578 276.427 277.242 280.704 281.977 282.517 286.847 286.995 
72312 276.689 286.356 295.659 299.204 300.153 308.18 309.669 314.566 316.653 322.388 
686906 248.302 253.779 254.533 271.474 271.59 276.167 277.761 278.431 281.068 281.29 
73501 222.223 222.616 232.517 237.441 238.636 244.839 245.043 246.66 247.289 255.74 
945497 222.454 225.38 246.593 249.64 250.128 251.899 256.741 256.922 263.279 263.765 
353164 311.175 312.898 317.88 327.567 328.614 332.206 334.621 334.761 334.964 336.03 
542667 303.572 318.598 324.321 327.741 339.838 340.538 341.501 342.78 344.048 344.967 
66462 276.215 301.43 312.304 321.969 326.891 329.521 331.358 333.82 337.343 350.879 
101942 246.605 294.362 306.015 307.443 310.374 310.929 333.937 341.816 342.031 342.175 
917832 256.961 274.306 274.929 274.929 275.476 280.884 281.363 285.479 285.58 286.143 
545571 238.717 245.088 252.315 268.942 273.357 273.807 277.546 278.919 281.494 283.041 
724350 267.666 273.947 274.04 276.818 278.482 281.929 282.988 284.208 285.06 285.51 
518106 199.665 205.258 225.4 227.62 230.974 231.648 231.808 234.339 237.947 244.696 
151851 190.36 209.423 209.652 210.442 215.601 216.599 217.867 218.165 220.78 225.22 
503085 195.354 205.774 206.502 208.216 209.215 214.217 217.117 217.823 219.775 221.971 
184658 300.714 324.287 336.286 337.263 337.314 337.667 340.71 346.068 348.56 349.843 
634148 215.128 237.017 244.563 250.831 251.326 254.806 255.83 257.194 257.373 259.563 
167920 278.218 280.05 280.925 300.295 308.347 312.639 319.5 321.385 326.273 327.919 
902498 294.754 303.048 338.692 347.853 349.53 350.114 351.793 352.222 353.992 355.621 
829059 139.789 140.221 141.838 148.809 149.506 150.366 151.44 153.326 153.401 153.434 
55731 154.422 170.485 176.153 180.189 181.262 183.049 184.206 185.817 185.868 186.099 
330302 314.194 354.267 361.478 363.689 364.351 365.543 365.625 366.851 367.272 368.673 
167416 263.86 271.987 284.121 284.623 285.687 299.463 299.463 300.807 306.016 306.573 
853542 241.793 242.349 247.049 250.809 261.473 264.909 265.806 270.655 270.887 270.958 
447176 44.7996 49.8698 50.4876 65.7267 70.9789 75.71 76.531 77.8267 80.5109 84.6759 
575071 162.145 167.917 175.505 182.502 183.91 186.416 186.537 188.064 188.521 190.011 
785842 304.235 321.149 330.668 343.121 349.561 351.111 359.801 361.094 367.47 371.225 
625427 247.913 267.428 276.393 281.727 281.816 282.098 283.03 283.261 284.389 286.937 
186572 232.712 253.756 254.515 256.957 260.711 263.317 266.24 269.063 273.467 275.069 
790475 322.115 322.3 331.4 333.324 334.121 336.638 337.12 345.987 347.534 352.476 
660756 237.398 243.025 261.937 263.848 273.187 274.111 274.702 276.083 277.114 277.44 
874386 321.294 325.161 327.597 328.682 328.825 329.018 329.317 329.662 330.438 331.05 
579758 216.143 226.998 228.541 234.853 235.228 236.628 239.259 242.066 244.006 244.796 
571272 70.9084 77.3822 84.4985 85.2702 89.3141 89.6716 91.1208 92.2876 95.8958 97.2368 
255496 217.032 266.77 266.875 273.998 279.082 283.53 284.542 287.924 291.031 292.387 
131612 255.276 296.754 299.668 300.696 317.009 320.275 320.384 320.849 323.145 324.572 
612775 297.814 312.516 340.37 354.837 356.816 359.676 369.217 371.504 377.406 378.32 
126824 299.027 308.964 311.952 316.71 333.501 335.224 338.782 340.006 342.377 343.993 
715721 243.154 267.597 287.362 293.649 293.864 298.067 301.72 301.801 305.542 308.107 
485623 205.254 227.561 237.28 242.631 247.362 253.967 256.56 257.866 261.84 262.448 
646515 218.38 269.915 281.444 307.758 308.862 330.427 337.578 347.629 348.989 350.298 
396968 157.299 197.732 202.998 213.942 216.285 221.242 226.241 243.107 243.493 245.898 
287438 280.888 307.311 313.337 324.466 324.795 325.52 327.264 328.516 331.29 332.83 
973254 305.93 312.811 329.094 332.146 336.517 336.847 342.083 344.677 344.835 345.345 
944439 274.047 291.391 291.561 292.306 300.017 304.008 309.11 309.588 313.527 315.379 
643771 272.017 285.067 287.706 298.851 306.431 307.031 309.635 315.541 316.063 316.553 
993091 226.533 240.799 266.723 289.891 299.772 300.272 300.656 309.69 336.416 340.855 
690921 258.884 291.812 292.681 296.206 296.383 298.965 302.792 306.995 310.19 312.605 
709762 218.941 257.762 265.247 268.98 271.418 281.082 281.704 289.952 291.131 295.652 
206594 276.27 319.276 325.018 327.286 331.236 331.243 332.599 335.515 335.599 336.366 
35247 347.091 351.491 353.11 364.104 375.633 377.747 379.937 380.467 381.459 382.375 
891595 274.631 283.942 288.773 290.231 292.394 292.821 296.471 297.273 299.68 300.618 
233549 231.64 232.454 233.681 248.421 265.46 279.233 283.131 283.219 287.972 289.278 
42509 259.709 273.865 283.51 301.237 303.15 309.155 321.272 324.641 325.524 325.756 
901050 279.238 301.594 301.983 308.047 310.541 317.049 319.597 323.538 323.656 324.395 
53380 256.949 265.827 272.118 279.27 280.2 282.682 285.706 285.897 287.068 287.696 
117303 229.103 261.882 286.5 290.88 303.135 304.828 305.295 311.251 323.742 323.79 
162990 270.316 271.945 272.053 274.773 275.296 275.94 278.122 279.066 279.403 279.909 
