612.618 364.788 626.738 351.601 627.032 371.379 633.841 322.498 634.024 394.353 
312.243 364.788 315.818 382.323 331.991 282.287 332.08 343.233 334.177 211.092 
271.662 211.092 277.957 236.337 320.713 186.722 323.555 273.801 338.516 322.498 
550.688 371.379 557.392 382.323 560.429 351.601 565.295 434.478 565.564 408.85 
562.453 351.601 568.824 334.479 572.789 384.765 585.647 441.926 588.131 381.851 
556.729 364.788 581.129 282.287 590.555 368.536 595.522 351.601 600.955 378.375 
529.959 378.375 533.321 364.788 545.146 394.353 547.476 441.926 550.771 434.478 
540.676 350.689 572.655 383.897 576.108 328.227 584.606 375.244 588.49 371.379 
573.277 364.788 594.575 351.601 595.023 441.926 597.327 434.478 605.481 378.375 
595.539 364.788 601.731 394.353 603.112 322.498 608.987 351.601 609.596 282.287 
353.736 224.484 355.869 319.212 358.896 209.091 363.256 274.929 370.245 241.895 
353.918 297.114 357.578 206.126 364.412 254.802 369.67 304.197 371.172 253.075 
546.276 439.422 547.857 373.933 550.208 408.85 554.334 434.221 555.005 382.323 
495.317 434.478 509.956 391.349 513.615 441.926 522.474 419.68 522.594 364.788 
574.2 282.287 576.831 364.788 585.681 383.897 602.72 382.323 603.935 327.255 
257.554 161.183 321.622 211.092 351.578 236.337 355.128 186.722 365.917 257.581 
269.461 372.979 271.733 370.123 272.877 354.837 280.319 310.388 280.368 400.714 
515.802 322.498 528.058 364.788 534.629 394.353 543.488 419.68 551.367 441.926 
242.891 211.092 279.408 186.722 289.463 161.183 297.963 222.578 304.787 136 
613.683 364.788 628.52 378.375 632.15 322.498 633.211 394.353 634.021 434.221 
317.921 351.177 331.042 373.933 372.179 264.711 375.197 383.897 387.159 328.227 
577.529 351.601 588.184 371.379 589.787 328.227 594.795 322.498 595.937 381.851 
600.003 371.379 600.541 282.287 608.263 364.788 611.837 322.498 617.65 382.323 
300.95 312.679 304.637 364.788 309.731 298.752 311.448 282.287 317.81 267.914 
228.09 354.837 257.752 384.844 269.789 403.207 270.213 386.22 284.051 386.193 
518.216 322.498 544.447 394.353 548.902 364.788 556.366 351.601 560.619 369.617 
553.588 441.926 578.665 351.601 584.32 394.353 586.055 364.788 589.487 378.375 
509.477 350.689 541.225 383.897 565.382 373.933 566.197 282.287 571.941 312.336 
582.615 322.498 585.461 373.933 586.794 351.601 588.46 327.255 593.088 384.765 
221.984 260.803 234.199 365.537 234.201 408.667 234.987 400.249 241.245 354.837 
335.046 209.091 348.283 191.086 364.919 222.578 373.846 254.802 378.091 258.646 
360.419 375.244 363.377 322.498 364.611 333.321 370.1 350.306 379.866 282.287 
308.668 264.711 342.592 351.177 367.447 161.183 368.87 328.227 376.373 278.695 
554.593 382.323 559.419 364.788 565.441 371.379 566.189 282.287 572.789 370.123 
537.271 322.498 544.462 364.788 554.014 327.255 559.28 441.926 562.744 373.933 
390.472 276.386 398.675 224.484 401.025 327.255 402.505 304.197 407.6 245.126 
579.976 364.788 583.274 441.926 602.196 378.375 603.076 394.353 604.071 368.536 
535.71 364.788 543.801 351.601 556.798 441.926 565.236 322.498 565.43 434.478 
569.717 351.601 584.166 364.788 586.998 328.227 589.229 322.498 589.78 373.933 
508.112 322.498 519.393 364.788 521.166 441.926 532.012 351.601 532.013 394.353 
557.057 350.689 565.441 383.897 583.051 373.933 584 434.221 588.828 327.255 
317.816 241.895 339.463 136 372.882 206.126 375.602 191.086 378.942 161.183 
342.972 373.933 347.432 351.177 350.011 264.711 351.94 383.897 364.951 161.183 
286.836 284.865 290.2 298.752 305.686 206.126 314.223 267.163 320.88 136 
351.83 327.255 356.73 373.933 386.096 383.897 409.335 237.579 409.408 351.177 
567.699 350.689 574.213 383.897 590.97 282.287 594.997 373.933 601.959 382.323 
555.937 364.788 557.331 351.601 564.875 282.287 564.915 369.617 568.944 394.353 
525.597 441.926 531.734 434.478 546.323 351.601 558.146 334.479 571.193 384.765 
529.283 364.788 532.958 322.498 538.52 441.926 562.221 378.375 563.213 419.68 
553.913 364.788 562.64 384.765 565.548 351.601 566.781 322.498 568.902 282.287 
546.621 384.765 550.983 364.788 573.136 394.353 574.939 441.926 576.035 378.375 
347.156 383.897 362.424 373.933 388.144 351.177 392.208 264.711 395.932 161.183 
569.243 350.689 579.929 373.933 582.505 383.897 588.206 327.255 588.293 351.177 
513.369 364.788 527.901 394.353 529.692 351.601 530.092 322.498 530.852 434.478 
535.969 328.227 536.187 383.897 544.671 408.85 546.66 322.498 551.952 369.573 
555.304 368.536 555.506 322.498 561.403 369.617 569.407 308.78 576.103 237.579 
267.054 264.711 343.487 161.183 361.99 278.695 363.641 328.227 366.766 351.177 
315.065 258.646 354.381 274.929 355.258 254.802 363.72 136 364.463 267.938 
298.952 258.646 318.289 276.386 326.813 267.938 329.851 254.802 330.633 267.914 
553.441 382.323 564.556 383.897 570.636 364.788 573.7 434.478 574.895 371.379 
574.021 394.353 577.542 373.933 582.49 364.788 587.411 322.498 587.673 328.227 
256.412 211.092 261.687 267.914 277.2 161.183 279.964 136 303.196 186.722 
627.761 373.933 629.428 371.379 633.893 351.601 633.92 351.177 637.871 334.479 
540.125 371.379 540.673 364.788 549.432 397.971 553.629 434.478 554.746 384.765 
497.057 322.498 513.583 378.375 529.981 394.353 536.642 329.947 538.634 364.788 
546.568 273.801 551.542 327.255 562.435 282.287 563.713 322.498 565.699 383.897 
523.321 350.689 546.149 383.897 551.536 351.177 564.113 274.929 565.573 373.933 
548.892 383.897 560.305 350.689 562.338 434.478 562.994 364.788 565.979 351.601 
586.578 364.788 587.107 441.926 587.492 394.353 587.599 378.375 605.218 322.498 
358.307 278.695 362.124 161.183 368.325 264.711 394.753 328.227 396.367 222.578 
349.843 224.484 350.537 276.386 351.352 206.126 364.777 191.086 368.069 257.581 
327.347 284.865 346.43 384.765 364.498 365.226 370.614 267.163 374.845 297.114 
376.963 224.484 390.612 264.711 398.517 327.255 398.579 241.895 400.463 304.197 
330.982 394.672 336.012 373.807 345.168 400.249 354.202 397.815 360.342 304.209 
601.408 373.933 606.936 394.353 610.172 364.788 610.367 351.601 615.808 350.689 
586.911 364.788 589.121 322.498 601.294 394.353 611.649 282.287 615.279 378.375 
441.572 351.177 451.024 373.933 455.987 278.695 488.057 328.227 507.252 264.711 
350.448 327.905 356.952 161.183 365.911 278.695 367.584 273.801 370.363 322.498 
568.232 434.478 574.888 364.788 577.12 351.601 594.284 371.379 601.356 381.851 
524.184 369.573 539.981 434.478 542.164 364.788 545.164 391.349 555.3 351.601 
573.413 351.601 583.01 381.851 589.259 371.379 600.816 434.478 602.27 382.323 
334.519 333.321 351.363 384.765 354 327.905 357.621 322.498 358.399 282.287 
161.88 136 197.598 186.722 239.723 161.183 242.79 191.086 246.156 206.126 
327.97 350.689 341.886 383.897 362.228 278.695 364.522 282.287 377.678 161.183 
423.812 254.802 439.379 259.062 440.269 305.043 443.93 384.765 448.955 237.579 
316.621 245.126 318.204 327.255 321.455 161.183 339.64 186.722 339.838 273.801 
498.79 373.933 535.013 327.255 549.19 351.177 557.469 237.579 560.117 351.601 
556.351 350.689 567.258 364.788 570.868 351.601 573.992 369.573 577.822 384.765 
348.059 373.933 351.491 161.183 359.434 327.255 368.951 211.092 372.686 236.337 
346.469 191.086 347.504 304.197 350.47 241.895 355.394 319.212 381.601 224.484 
301.846 264.711 311.76 136 319.833 273.801 339.85 237.579 339.891 161.183 
600.571 364.788 602.447 378.375 610.748 394.353 620.677 434.478 622.955 441.926 
232.841 209.091 241.313 319.212 255.323 224.484 268.125 259.062 271.35 304.567 
257.998 257.581 313.614 280.079 313.802 267.914 317.388 300.973 317.393 237.579 
575.355 364.788 585.21 351.601 600.237 322.498 600.727 282.287 600.973 369.617 
334.168 241.895 341.107 245.126 351.525 206.126 360.006 191.086 373.366 136 
349.229 397.815 362.233 386.22 362.287 394.353 365.71 322.498 365.713 403.207 
337.892 161.183 371.602 327.255 374.956 222.578 384.277 278.695 387.994 136 
548.14 434.478 551.534 351.601 557.435 378.375 557.851 364.788 559.906 441.926 
232.045 136 266.374 176.675 287.176 327.905 287.953 186.722 291.851 325.517 
