334251 253.775 267.14 275.291 276.149 279.344 279.677 281.619 282.45 283.214 283.346 
218366 125.845 129.41 156.704 159.311 159.386 160.487 161.295 164.35 168.045 169.476 
451849 293.35 300.088 305.252 306.165 306.681 308.229 309.243 313.761 315.122 317.073 
215557 283.697 316.979 320.247 320.651 320.866 321.888 326.68 331.3 332.919 334.084 
199208 274.871 324.724 325.687 333.186 335.966 336.618 341.605 341.769 342.984 343.272 
420648 257.573 263.196 276.127 286.821 288.245 289.859 293.786 297.437 299.424 299.451 
273146 249.429 250.775 251.217 256.71 258.981 259.875 262.219 262.652 262.935 265.426 
52459 126.123 135.41 138.878 146.567 147.007 147.506 149.68 149.84 151.803 153.883 
71211 242.652 246.802 249.367 264.69 265.656 265.94 266.64 267.565 268.233 271.801 
153356 261.373 266.543 271.284 288.163 289.349 292.836 294.612 295.053 295.053 296.041 
61199 281.821 284.977 289.382 289.448 291.479 292.983 293.229 295.603 296.098 297.992 
498771 243.803 244.757 248.757 250.709 253.72 258.291 259.96 262.814 264.511 266.584 
464122 273.205 281.519 292.448 292.701 298.023 299.324 301.735 302.813 307.34 307.376 
724119 210.654 215.335 220.263 221.545 224.856 227.222 227.93 228.517 230.167 230.983 
124055 224.205 228.167 233.33 234.578 236.616 243.787 251.076 255.724 260.133 264.585 
70273 224.564 227.282 236.425 237.432 238.269 239.694 242.658 243.239 243.854 246.118 
340749 176.556 188.558 190.536 193.417 197.396 204.863 206.587 209.002 209.96 210.357 
756035 246.937 255.852 265.803 266.332 268.378 268.645 270.88 271.855 273.421 273.991 
948711 285.822 286.381 286.679 289.619 290.243 292.305 293.37 295.408 296.417 298.104 
340248 195.533 288.52 290.169 297.347 299.54 299.635 303.122 308.135 309.475 309.614 
663036 207.788 258.958 269.622 272.485 274.217 275.185 279.489 281.007 289.159 290.505 
987143 203.435 203.521 204.125 207.726 212.332 213.951 220.742 221.592 224.862 225.242 
887602 245.147 252.052 260.879 264.662 266.13 270.943 271.892 274.095 275.262 276.742 
981662 292.829 298.055 298.064 299.363 300.869 302.68 305.428 305.459 311.095 311.7 
4071 256.601 272.118 272.523 273.671 273.677 274.627 278.176 279.825 281.267 284.109 
295574 221.757 225.031 226.65 227.178 232.088 235.051 235.083 239.764 240.037 241.733 
415291 223.114 223.356 229.393 232.379 235.079 237.169 237.668 241.137 241.545 242.693 
743533 223.37 223.96 226.153 226.369 241.095 243.144 243.758 245.129 245.575 245.654 
9315 258.457 265.673 272.033 278.147 281.263 284.028 288.701 289.57 291.493 296.648 
690868 263.907 268.9 275.082 280.521 280.856 281.579 282.158 285.748 285.986 288.014 
226844 253.032 255.008 271.124 273.417 273.967 276.206 277.636 277.915 279.168 280.818 
153606 175.348 185.564 193.494 204.885 209.146 210.409 212.146 213.446 214.234 218.888 
292373 180.577 187.667 196.553 199.231 199.479 202.141 202.252 205.107 205.431 206.211 
433928 222.973 231.599 232.114 233.613 236.459 237.926 238.994 239.052 240.264 241.762 
197978 232.671 235.015 250.388 252.788 261.568 262.465 266.132 266.46 267.307 267.399 
292075 149.693 159.38 176.321 177.302 187.822 188.117 191.525 194.99 196.576 198.517 
605455 221.743 241.87 243.267 248.085 248.139 250.154 253.312 255.098 255.605 257.181 
509279 254.641 256.42 279.036 282.88 285.752 285.911 291.585 292.846 297.891 299.002 
126350 193.548 216.449 225.993 227.55 233.182 235.797 236.804 241.39 247.459 248.22 
3312 269.381 277.86 285.692 285.699 287.861 288.64 288.86 289.546 289.814 289.85 
339294 220.871 224.312 229.07 237.441 238.787 242.405 244.127 246.53 246.986 247.603 
742580 153.212 216.866 217.276 217.417 237.276 240.344 242.811 243.602 244.483 255.453 
232278 176.304 185.151 185.505 194.407 197.33 197.813 198.424 202.546 203.941 205.477 
639877 128.884 148.172 151.552 155.734 163.453 168.083 169.015 171.19 172.789 173.179 
761967 227.02 244.174 262.179 262.574 264.469 264.841 266.306 271.243 271.651 274.871 
866924 213.46 247.107 252.79 262.099 269.711 272.459 280.236 280.348 281.016 281.881 
401494 170.038 207.685 209.933 227.488 230.718 240.697 241.139 244.238 244.291 247.368 
172263 252.206 285.949 304.949 318.347 323.747 324.059 326.579 327.468 330.345 330.692 
292423 207.319 208.372 209.683 210.668 217.38 231.327 232.407 232.966 238.451 242.469 
876386 213.843 218.39 259.794 264.998 273.276 275.806 277.762 291.63 293.833 294.073 
35686 250.082 251.01 254.943 261.05 261.341 263.072 264.707 266.599 268.866 269.258 
669924 260.751 271.207 278.35 278.631 281.423 288.934 289.016 289.601 290.924 291.609 
588551 233.075 241.94 252.321 259.384 265.392 266.875 270.767 274.9 277.941 278.135 
84197 214.816 217.658 218.536 222.065 229.976 231.504 238.443 238.671 239.272 240.202 
861409 118.507 130.219 135.971 138.849 139.678 139.846 139.85 142.86 143.774 144.624 
932866 210.133 225.107 227.743 227.745 231.912 235.724 237.508 237.544 238.124 238.458 
907606 248.658 276.866 293.629 295.542 302.005 303.391 309.104 309.388 313.351 314.008 
309997 184.73 185.41 194.456 196.934 204.201 205.825 216.268 217.136 221.741 223.282 
366466 297.594 301.566 305.377 316.987 318.379 324.598 327.79 330.451 331.427 332.5 
418975 255.314 266.304 274.642 274.929 283.057 285.739 287.348 288.695 289.131 289.159 
928995 270.945 271.157 273.755 278.824 283.097 283.397 287.078 287.094 287.722 288.425 
572399 246.408 249.896 258.006 262.32 266.891 267.313 271.194 276.398 283.083 283.676 
282000 182.768 210.666 211.483 213.131 217.502 221.596 226.042 227.48 227.936 231.186 
5652 115.931 139.402 151.855 155.258 164.691 166.117 167.684 168.446 171.391 181.193 
544970 181.364 199.447 204.741 205.061 207.95 211.636 215.509 217.658 218.316 218.753 
192338 240.535 249.257 252.692 253.986 257.035 257.674 258.988 265.343 265.354 266.222 
11705 229.181 230.274 261.469 264 264.551 271.903 277.442 277.732 286.609 287.246 
191648 188.955 228.727 229.641 240.006 249.048 252.03 256.094 261.817 262.951 263.372 
322501 263.524 288.224 289.218 289.301 290.477 293.804 294.603 297.98 300.033 300.681 
14215 225.499 240.479 241.139 242.372 259.954 260.054 264.96 268.661 272.23 272.439 
874435 241.408 251.802 253.006 254.77 255.372 255.472 256.193 257.257 261.325 263.209 
430110 152.961 159.937 171.423 175.206 175.73 178.017 179.714 181.168 182.071 183.371 
404610 324.503 332.758 340.9 346.736 347.288 349.67 356.825 360.787 370.199 373.185 
469755 151.086 154.464 159.233 172.238 180.286 180.325 181.486 183.586 184.019 184.456 
905833 260.772 267.013 285.328 289.884 295.555 297.136 297.432 298.387 300.272 302.073 
683285 261.811 274.935 276.559 285.797 290.205 294.263 300.663 300.879 301.665 304.159 
652383 124.386 203.696 209.855 224.622 238.581 240.929 244.356 245.442 245.656 247.366 
839274 241.781 251.171 252.299 254.138 256.429 256.531 257.154 260.404 261.172 261.27 
422191 186.765 189.206 205.922 206.715 210.276 210.815 212.775 213.967 215.694 219.713 
381530 228.801 230.341 244.757 246.56 260.546 261.773 262.543 262.958 265.121 265.722 
853456 222.146 224.384 228.526 231.357 233.589 235.03 235.567 236.229 236.73 236.875 
48800 254.837 289.853 294.993 302.194 310.015 312.847 318.58 320.648 320.857 321.916 
86751 175.066 194.903 196.398 207.174 207.229 207.728 212.337 215.46 225.861 226.024 
881150 237.053 239.525 240.699 245.738 247.411 248.361 250.904 251.623 252.107 252.63 
480178 305.578 308.209 310.277 313.222 313.971 316.176 319.795 329.363 329.66 330.808 
353384 249.528 256.187 258.529 261.276 262.749 262.968 264.324 266.445 269.217 270.913 
581567 313.823 315.465 322.475 326.178 326.262 326.327 328.343 329.216 331.53 332.282 
988181 232.828 237.866 256.351 263.644 268.168 269.487 270.344 271.965 275.578 275.87 
633150 287.882 293.978 304.204 314.226 323.317 324.275 324.518 326.3 332.805 333.425 
715279 308.383 317.046 319.939 320.737 322.265 323.09 324.302 327.145 327.266 327.814 
985429 287.522 292.366 293.474 294.122 295.266 297.067 297.647 298.546 300.102 306.178 
758641 265.547 267.385 273.518 273.726 279.782 281.427 283.5 285.809 286.821 289.014 
656431 101.863 115.096 120.868 123.608 125.913 127.738 129.561 130.595 131.89 132.51 
399536 223.32 224.744 226.095 227.112 239.752 242.138 244.15 244.99 246.769 248.081 
832999 162.702 167.786 175.437 179.089 185.685 185.736 186.124 187.224 190.076 191.94 
810755 165.242 165.708 170.238 180.516 187.232 188.788 191.784 192.297 195.1 196.107 
757875 225.608 231.078 234.583 262.339 266.815 273.79 278.009 281.247 290.084 291.914 
59242 210.119 214.832 217.883 220.202 223.656 223.808 224.869 226.68 226.991 227.383 
562321 176.054 177.831 184.494 184.708 185.852 186.542 187.643 188.229 188.502 190.297 
360868 329.704 330.094 331.393 337.295 343.74 345.695 348.841 353.273 355.897 358.195 
184870 305.931 307.106 309.377 315.864 316.286 318.409 318.802 319.182 319.586 320.053 
393521 235.242 236.394 251.639 256.607 263.019 269.811 273.609 277.887 278.548 278.607 
489816 270.922 277.771 278.009 278.742 279.811 280.316 280.794 288.068 291.194 291.698 
433366 283.967 289.501 293.227 294.143 297.627 301.573 308.414 311.666 315.72 316.425 
206219 205.176 207.796 212.382 212.523 212.713 212.92 217.069 217.759 218.202 218.822 
982503 215.383 216.599 222.135 224.862 225.675 226.936 227.444 228.221 230.352 230.755 
877466 285.907 308.057 309.74 312 312.74 320.615 322.636 322.692 325.822 326.343 
908271 314.463 318.514 321.557 327.968 333.101 333.251 335.115 335.385 336.361 336.506 
218949 228.302 258.383 262.156 264.983 265.439 269.965 271.505 281.716 282.742 283.588 
829018 247.994 271.726 276.339 276.615 285.787 289.405 289.862 290.183 293 294.121 
523397 241.334 242.926 248.421 251.766 253.608 254.281 257.319 257.447 259.019 263.099 
793369 270.416 279.937 284.204 307.313 319.114 323.012 323.92 327.628 343.54 349.173 
562797 263.201 265.752 276.751 278.55 281.863 283.482 284.939 287.772 288.654 293.786 
15882 239.942 245.86 249.64 253.567 257.076 259.224 260.565 265.669 265.676 266.051 
578931 267.84 268.257 269.444 276.608 280.291 281.615 285.261 286.657 286.751 287.566 
811819 262.519 266.239 269.243 269.616 274.653 276.735 276.893 277.674 281.178 284.18 
580171 248.811 277.78 287.812 292.13 300.834 300.97 301.599 302.577 302.843 302.931 
261041 218.957 220.9 230.361 232.338 232.8 234.796 234.928 236.205 240.046 240.323 
459202 215.397 222.225 224.388 225.175 225.364 226.57 236.406 239.159 239.245 245.583 
183679 251.382 259.139 267.075 270.804 272.299 272.393 273.082 273.697 277.027 279.807 
173322 270.917 272.307 276.735 281.973 288.581 288.681 295.679 300.568 301.324 301.503 
680146 241.601 251.833 259.089 262.427 264.019 265.021 265.434 266.064 268.697 269.156 
416774 190.234 194.769 204.096 208.749 229.534 243.156 244.606 248.916 249.79 255.764 
775561 88.2723 223.159 232.14 232.385 232.396 233.206 239.186 244.886 247.208 249.738 
945153 292.612 306.154 307.313 309.663 317.794 321.939 322.408 323.319 325.67 326.593 
84360 242.833 270.647 277.278 278.358 288.78 292 292.727 293.437 296.675 303.028 
579109 264.085 266.612 270.104 271.582 274.871 277.906 281.576 284.565 286.601 287.272 
308064 279.473 280.621 285.168 298.317 299.067 299.257 300.939 302.189 302.328 302.429 
792825 284.786 296.941 304.69 305.228 314.476 314.906 317.465 318.832 323.997 324.032 
494632 209.311 241.94 243.053 249.694 250.15 251.684 255.623 257.827 258.376 259.338 
25604 198.199 219.675 225.792 228.486 230.289 232.304 233.011 234.691 239.387 241.448 
340133 250.11 266.59 267.256 268.706 271.466 272.351 272.646 276.693 276.731 277.121 
212034 289.731 308.788 314.541 315.674 315.777 316.256 317.818 320.155 321.677 322.126 
963104 162.089 177.299 192.336 194.24 194.268 198.063 200.484 200.604 203.401 204.732 
339279 241.828 255.049 268.671 271.291 273.527 275.917 276.483 277.119 279.571 282.266 
875631 285.447 300.063 300.836 301.959 303.689 306.651 310.767 311.761 312.016 314.438 
428029 290.744 297.449 300.408 307.052 307.867 311.557 314.073 315.965 316.319 317.356 
604397 190.145 193.938 198.088 198.368 211.596 212.078 212.351 213.785 216.61 217.237 
102353 232.187 292.787 302.243 308.24 311.78 315.45 316.071 328.302 330.395 331.581 
163267 257.62 269.872 270.86 278.959 280.558 282.498 283.674 284.011 284.095 284.547 
867737 205.781 206.923 209.065 209.879 213.16 214.086 215.369 215.928 217.89 223.327 
619601 273.174 275.897 281.309 290.084 292.884 300.716 301.39 301.783 308.688 310.413 
762532 214.886 224.873 225.468 227.618 234.527 235.595 241.518 246.771 247.477 248.103 
384588 255.803 262.008 272.243 276.668 279.317 283.672 284.373 285.508 287.705 288.791 
392369 260.808 262.378 266.56 267.556 269.453 271.028 271.229 280.475 281.638 284.456 
175068 203.571 226.493 231.011 233.838 235.021 240.57 240.846 243.253 244.299 246.949 
719598 249.738 254.547 260.519 266.998 268.183 268.885 270.666 272.454 274.281 274.341 
877907 176.156 190.489 191.463 193.217 194.79 195.228 205.487 209.883 210.347 211.45 
748276 110.63 118.085 119.298 121.066 121.145 123.774 125.176 125.34 125.559 129.023 
314385 277.307 302.359 334.837 337.679 340.837 345.707 348.958 350.949 352.344 352.528 
433435 166.511 177.186 182.447 184.461 185.019 185.416 186.411 188.061 188.428 190.066 
412557 256.365 270.98 272.996 284.433 285.116 285.324 288.266 292.764 293.38 294.513 
243289 236.941 246.613 247.909 252.838 255.014 255.351 256 256.435 261.251 262.68 
986158 190.906 192.213 193.393 195.584 196.056 198.409 198.887 198.899 201.68 204.988 
122705 199.075 204.348 213.417 222.268 223.39 224.047 227.693 236.624 238.65 238.935 
972934 183.927 208.543 231.605 234.923 239.481 239.96 243.298 244.373 245.392 249.171 
998852 258.759 265.893 266.126 271.26 272.07 272.901 273.121 275.447 276.087 276.91 
365953 260.549 273.053 282.222 282.615 286.252 289.353 295.476 303.6 304.242 304.634 
19465 273.189 276.221 278.221 285.682 286.421 286.583 287.068 287.505 289.138 291.997 
695430 260.849 261.159 261.578 261.694 263.63 268.909 269.234 270.553 272.43 272.936 
336492 286.794 287.706 294.871 298.791 300.508 303.233 304.066 306.221 306.379 308.436 
219339 304.304 312.584 313.981 317.893 322.879 323.345 327.044 330.236 330.853 331.092 
992436 196.255 217.226 222.32 224.557 228.683 228.821 229.465 230.519 233.645 234.696 
811715 237.748 244.34 254.289 260.434 262.635 265.085 265.119 265.494 269.77 270.163 
507624 229.264 240.709 243.222 243.818 244.651 247.978 248.361 249.544 250.793 250.835 
168002 274.962 276.951 278.422 288.161 288.491 288.532 290.94 292.128 293.346 295.88 
974724 247.97 273.671 291.779 292.551 297.049 302.822 304.187 304.761 307.389 311.233 
957820 214.222 222.585 228.961 233.797 239.794 240.312 243.21 249.008 249.018 250.525 
468969 163.86 194.322 205.273 227.574 227.715 238.694 241.106 245.347 245.953 247.318 
238511 294.01 301.75 302.409 304.508 314.164 317.575 326.294 327.902 328.308 329.851 
186309 188.65 219.613 265.096 273.384 273.386 273.679 278.948 279.879 279.921 283.928 
467789 237.27 261.281 268.298 273.947 277.106 277.548 278.97 278.977 279.188 279.816 
677866 192.372 193.117 198.154 198.215 205.825 207.892 212.49 215.539 218.897 219.059 
840203 269.171 271.937 274.656 280.104 281.732 281.846 282.422 282.781 284.377 284.658 
754197 279.732 283.124 291.405 292.246 292.778 292.981 304.843 306.532 307.511 311.8 
749956 243.226 244.553 249.147 255.992 260.154 269.067 277.912 285.596 288.78 290.716 
304767 273.222 278.149 283.667 287.904 288.021 291.734 296.764 298.201 299.788 300.776 
777610 219.059 220.018 230.705 238.732 248.401 249.846 252.488 252.966 252.99 254.531 
817350 248.363 252.676 278.282 288.884 291.592 291.738 301.382 302.673 303.19 303.962 
910083 142.958 148.472 160.072 167.911 168.698 171.898 173.845 176.53 177.539 178.533 
175398 231.512 234.649 241.326 241.93 249.08 249.094 250.928 251.072 252.703 252.788 
899927 106.273 108.301 113.543 114.442 125.638 126.764 133.574 138.6 139.474 144.627 
920362 164.815 177.685 181.665 185.305 194.067 196.306 197.499 197.504 199.875 201.281 
599524 260.323 270.244 273.35 273.553 277.074 279.473 279.668 289.379 291.409 292.395 
241497 206.729 229.497 238.715 239.37 242.312 247.804 251.118 252.188 254.763 255.779 
983933 131.366 145.234 164.213 178.888 180.878 184.635 192.268 193.742 202.709 203.816 
320786 270.15 273.865 274.74 277.458 281.677 282.961 283.385 288.399 290.847 291.082 
134146 185.863 196.55 200.988 207.81 215.021 220.175 220.674 220.842 225.686 226.683 
481143 204.844 218.721 220.463 226.08 230.885 234.51 240.135 240.807 241.077 243.2 
412443 257.829 272.439 279.088 281.215 282.85 284.158 297.264 298.796 299.177 300.155 
113924 83.7019 87.1034 93.3542 94.3504 95.1683 96.4728 102.703 104.427 107.508 109.554 
453155 219.183 219.622 224.143 225.962 228.02 231.978 232.282 232.852 233.581 234.333 
255771 267.356 283.147 287.279 287.552 288.007 291.614 292.894 296.682 298.92 300.732 
479051 261.092 261.889 262.256 264.116 267.698 267.713 268.08 270.893 272.456 274.208 
461156 250.865 261.503 262.202 264.11 266.663 268.401 269.113 269.765 270.718 271.503 
437422 183.502 188.26 226.044 227.207 227.991 228.615 231.357 241.363 245.538 252.016 
594575 262.2 268.38 271.264 273.644 273.69 276.011 279.233 280.43 282.783 285.678 
846946 204.243 208.988 214.126 214.483 215.39 217.493 227.284 227.37 232.306 233.527 
512992 153.76 158.72 172.772 175.599 176.678 178.398 179.26 181.623 182.962 184.122 
224667 225.757 228.751 230.679 232.286 242.225 244.728 246.355 247.194 251.819 251.867 
571750 263.562 281.066 285.542 287.054 288.6 290.448 293.401 293.68 306.982 310.282 
666337 288.952 297.795 305.886 306.964 312.296 313.224 319.514 319.908 320.671 322.692 
373556 155.942 186.687 199.542 199.549 205.619 211.573 215.611 224.332 227.271 231.881 
311316 207.916 224.299 235.094 241.087 252.921 255.329 257.944 261.015 262.206 263.71 
40915 83.4566 147.709 151.314 152.693 153.216 153.281 153.724 154.107 158.71 158.818 
81912 177.575 178.014 185.17 193.667 197.109 198.899 199.647 200.235 201.104 201.874 
935379 257.618 299.274 306.545 310.469 312.759 312.949 320.347 322.913 324.814 324.855 
371246 223.148 235.472 239.088 242.559 243.261 243.875 244.15 244.231 244.262 246.879 
904620 285.491 286.88 300.944 303.257 310.578 312.514 314.528 318.746 320.871 321.227 
647985 260.148 279.937 284.879 286.178 286.8 287.635 292.063 292.477 293.032 294.119 
497699 173.56 214.746 219.77 235.417 238.216 244.274 244.816 246.55 247.986 252.595 
565966 171.546 177.646 180.391 184.076 184.082 184.529 186.502 186.558 186.585 186.722 
134701 275.884 294.98 305.298 305.519 309.435 310.656 318.163 321.067 321.49 322.696 
939381 261.916 283.577 286.281 296.008 300.671 307.166 310.929 312.372 312.984 314.15 
705364 248.375 249.604 253.053 261.759 268.89 279.403 279.526 284.684 287.209 287.487 
649191 108.407 114.978 117.588 120.146 128.86 129.271 132.242 134.51 137.233 137.51 
598040 257.88 263.298 277.426 288.896 288.929 289.874 293.205 293.372 299.418 302.979 
883067 198.361 198.623 207.841 208.053 210.205 211.249 211.258 211.809 214.367 214.772 
681395 55.263 213.41 217.074 226.797 227.535 227.914 232.796 235.344 235.504 235.731 
490377 237.573 244.047 245.459 246.083 247.245 250.629 250.679 251.764 251.784 252.87 
612713 268.162 271.343 272.32 275.879 278.659 279.365 281.92 281.977 285.033 289.817 
180090 197.345 232.918 234.342 244.792 246.763 248.94 253.235 258.221 259.303 260.642 
843436 225.584 236.474 239.029 246.288 251.267 258.079 259.484 262.139 262.227 262.587 
446120 77.2722 146.482 165.572 168.184 168.389 171.426 172.551 174.528 175.94 176.539 
718901 214.819 254.882 264.015 268.803 269.455 277.897 278.683 279.539 281.027 281.45 
233975 255.775 259.571 261.325 264.329 266.726 272.4 273.496 276.673 277.065 277.937 
108607 286.023 289.059 297.76 304.777 305.426 307.948 308.188 309.563 311.411 311.471 
50275 322.056 326.628 331.415 341.29 342.562 344.097 345.767 346.272 347.377 351.224 
416592 243.113 261.557 268.797 274.585 274.787 276.85 278.817 281.041 281.753 284.058 
289207 276.619 281.452 281.579 282.473 284.095 289.265 289.964 290.29 291.113 291.784 
550131 284.97 287.421 294.964 302.465 305.134 305.902 306.238 307.589 310.076 310.24 
982164 260.156 274.862 274.873 276.199 277.48 280.218 281.24 283.568 284.157 289.256 
297837 310.899 311.833 315.265 318.7 321.392 324.382 325.338 329.706 334.574 336.079 
299627 324.703 333.735 344.797 346.208 346.658 352.128 353.935 354.649 355.94 357.174 
301675 254.898 275.085 282.629 286.615 290.072 290.902 291.371 292.443 293.9 295.083 
491036 229.88 253.657 261.729 270.44 274.838 277.114 280.302 290.333 292.084 293.694 
993048 226.808 239.875 245.353 248.634 263.731 264.925 265.123 267.735 270.311 271.354 
718567 228.561 233.169 243.74 245.581 247.794 253.913 257.29 258.141 260.814 261.874 
337106 212.149 214.271 215.799 223.39 224.847 225.668 225.925 226.336 234.002 243.23 
124808 186.04 201.239 202.082 202.282 205.47 205.47 206.23 207.089 208.789 209.468 
425999 88.1136 88.4703 92.5905 94.6414 95.8541 102.645 103.102 107.48 109.458 109.991 
253420 195.149 216.183 217.493 220.504 222.45 224.893 227.803 228.567 229.286 229.637 
769447 290 297.93 301.221 306.94 307.431 307.966 308.454 308.675 310.411 311.22 
392184 246.459 254.256 261.868 264.019 265.328 266.479 267.324 270.485 271.685 272.322 
178860 235.875 237.43 247.322 248.399 250.501 256.642 259.293 259.397 264.637 264.704 
446248 38.6652 62.6259 67.2978 71.8192 77.7946 79.1265 79.6618 81.0987 85.5862 89.1572 
654530 193.703 211.417 235.939 237.365 250.204 255.681 260.814 260.943 262.101 270.331 
390260 174.115 185.927 186.051 186.228 192.312 195.305 199.675 200.025 204.622 206.289 
259614 242.109 249.331 252.517 253.5 258.625 261.998 265.496 271.812 273.34 275.387 
700446 260.967 274.058 275.579 278.738 279.278 280.12 280.516 283.053 286.052 287.43 
335643 263.731 285.886 285.967 288.338 298.769 306.676 307.05 308.608 310.973 311.567 
625317 288.52 306.754 306.932 307.964 326.896 331.672 331.825 334.042 336.761 340.648 
449405 253.795 256.297 260.86 262.857 265.224 267.931 269.577 269.598 270.887 271.07 
893518 111.794 113.517 114.368 116.336 117.597 126.578 132.042 134.101 142.243 143.101 
373555 302.662 313.586 320.989 324.72 325.553 328.472 329.528 333.216 333.816 333.894 
480994 272.096 284.471 286.794 288.22 290.391 292.021 295.02 297.614 300.338 302.884 
839490 218.756 223.468 224.771 226.013 226.075 227.609 228.53 229.802 232.691 233.03 
93411 242.415 256.031 261.329 264.596 269.314 270.755 272.465 275.797 277.02 278.907 
832440 218.931 285.596 303.191 303.577 305.992 306.537 307.295 309.75 311.695 311.995 
277453 237.611 259.965 268.035 268.287 271.391 273.565 277.162 277.685 278.86 278.93 
867164 184.529 195.832 198.177 210.917 217.483 221.149 222.113 224.29 228.821 228.823 
810267 210.81 211.653 219.493 226.932 228.105 238.076 238.51 239.437 239.823 247.546 
19068 233.109 249.191 255.272 260.315 261.574 266.646 267.144 274.705 275.289 275.85 
743009 302.03 305.851 308.76 309.157 313.989 316.902 316.997 320.73 324.657 325.586 
941038 196.822 214.467 215.9 218.804 219.645 220.245 220.567 221.68 222.798 223.879 
960453 233.585 241.47 254.629 258.703 260.158 261.276 261.308 262.958 264.537 265.388 
841357 265.109 277.519 278.302 280.348 280.541 282.112 285.167 286.641 287.308 287.468 
9786 269.824 275.48 279.557 282.448 283.503 283.78 284.35 284.369 285.3 286.991 
619713 235.032 238.179 241.209 242.811 243.717 243.781 246.797 247.138 248.308 253.004 
986255 250.488 283.923 294.63 294.92 297.856 297.975 299.07 300.017 302.271 304.641 
84058 236.595 241.907 256.299 257.82 262.191 262.551 262.882 268.022 268.812 271.805 
743308 269.18 286.405 297.125 299.645 307.54 309.513 316.016 317.973 323.578 323.636 
613006 330.68 330.961 340.256 342.863 345.504 350.186 352.701 352.78 354.189 354.22 
894871 179.234 188.077 189.14 189.718 200.701 211.499 211.641 214.756 215.581 216.719 
878971 250.098 253.931 258.712 264.382 265.885 269.494 275.394 275.581 277.806 278.471 
657493 190.562 191.836 196.738 212.575 216.878 219.043 220.699 220.731 224.265 226.918 
962519 295.932 304.703 307.925 326.657 326.749 329.149 334.359 335.489 335.711 335.969 
84545 312.599 314.272 319.719 322.836 328.869 329.378 331.166 332.985 334.863 335.139 
186332 243.368 264.081 275.372 276.55 277.206 279.279 279.584 282.42 291.352 291.892 
773096 230.033 231.463 231.741 232.858 235.028 236.878 237.943 238.393 238.659 241.963 
432965 181.51 203.821 212.549 229.615 234.94 244.45 246.506 252.83 253.13 260.981 
975728 295.149 298.841 301.257 304.156 306.136 311.021 317.654 318.371 324.681 325.916 
548077 290.52 297.701 310.451 310.67 314.065 321.896 322.318 324.54 325.075 325.952 
931208 136.539 266.706 273.393 273.401 274.066 274.164 275.164 277.831 285.64 285.867 
567621 146.294 225.147 228.357 232.06 283.443 283.519 289.974 293.118 310.355 316.646 
520367 229.93 235.941 249.128 250.641 261.973 266.627 268.306 269.208 271.033 271.614 
369817 309.162 317.858 318.041 321.274 326.801 328.728 330.097 332.564 333.757 334.151 
213808 233.763 237.558 242.114 242.446 243.119 243.893 246.087 249.299 249.764 252.529 
394248 251.968 303.633 314.191 315.489 317.638 319.022 320.916 321.958 324.795 324.986 
563697 213.572 228.245 229.724 231.03 234.723 235.633 241.63 242.481 244.037 245.664 
526393 243.226 244.757 249.85 251.815 252.519 257.884 258.598 259.314 262.393 264.624 
936499 268.119 269.47 270.405 270.581 272.652 272.782 273.415 275.962 279.125 280.27 
650492 244.636 268.533 270.292 283.725 285.766 286.063 286.278 289.214 291.453 291.933 
225124 255.691 256.868 261.929 263.68 264.059 266.252 272.105 272.492 273.401 274.594 
186369 214.979 223.582 227.271 229.375 231.149 231.342 231.767 233.191 233.527 234.531 
531735 281.421 282.887 283.413 288.588 288.751 291.602 292.482 293.213 293.275 298.957 
640403 178.239 217.164 224.156 227.93 237.609 241.62 249.05 251.295 255.449 263.238 
535586 229.567 264.087 268.855 269.603 272.852 277.42 278.155 283.284 284.086 285.198 
495280 170.786 175.71 188.165 191.233 191.836 192.362 199.735 201.889 202.689 202.754 
228938 188.337 199.627 206.72 209.798 220.245 224.889 225.433 227.691 228.604 231.078 
442477 215.708 222.333 228.175 232.34 234.666 235.253 242.163 243.526 246.83 248.252 
142798 189.164 198.95 201.656 204.485 210.174 210.333 211.296 214.49 217.276 218.428 
125695 142.007 209.852 211.974 222.439 225.169 232.394 235.162 238.692 241.238 242.074 
305850 172.084 196.959 201.206 203.185 203.487 205.161 206.908 207.728 208.595 212.767 
613197 256.513 288.076 288.12 288.78 291.416 295.193 298.528 299.505 299.993 301.405 
489906 212.094 230.241 231.94 237.122 239.967 240.873 241.255 241.661 250.95 251.203 
543764 226.466 248.775 256.838 262.68 266.813 268.405 272.575 275.327 275.71 277.195 
260895 238.113 249.11 251.189 252.081 260.933 261.283 264.206 266.439 270.383 273.421 
18192 211.154 212.852 220.375 228.497 230.13 230.829 232.134 232.843 234.487 234.647 
303593 242.988 247.82 250.158 255.076 256.538 259.844 260.67 261.149 261.593 261.981 
337244 134.436 158.827 164.633 164.682 165.898 168.202 168.645 171.467 172.186 172.192 
315977 201.616 215.407 216.797 220.767 225.087 226.475 227.912 230.677 231.145 232.312 
980229 273.503 279.109 283.803 289.439 290.205 293.854 294.668 294.819 296.046 300.802 
297251 281.69 289.696 297.479 304.902 305.747 308.344 311.644 316.487 316.575 317.057 
709807 261.362 267.378 270.533 274.325 287.31 287.55 289.55 293.791 296.213 297.429 
991403 225.431 229.037 265.603 270.178 275.643 281.613 283.307 284.979 286.248 289.27 
486756 243.83 244.279 255.812 256.638 261.687 274.725 277.049 278.322 279.186 280.05 
449462 177.288 185.211 186.414 189.953 192.141 195.438 197.423 198.819 198.985 202.675 
841325 179.036 202.428 208 214.457 220.685 224.23 229.334 232.202 233.03 234.585 
413594 266.824 277.018 277.411 283.005 294.951 300.28 308.772 310.015 318.909 324.054 
447573 204.919 206.356 208.276 209.707 215.826 221.452 222.978 224.348 224.644 225.692 
578049 194.856 195.297 197.188 201.539 203.148 205.305 206.398 206.545 207.759 209.177 
916864 196.652 214.429 219.05 219.483 222.551 227.17 228.153 229.367 230.46 230.877 
716006 197.73 197.995 199.314 203.725 212.097 213.471 213.757 215.109 217.725 218.28 
294671 273.927 278.736 285 285.622 288.501 292.645 295.623 296.326 296.855 297.409 
374302 196.741 197.15 208.588 208.883 215.794 229.989 230.859 231.113 231.335 235.833 
805361 266.884 279.821 291.239 293.995 295 296.086 299.378 303.984 304.199 304.569 
84353 289.636 313.552 314.449 316.183 316.874 319.453 319.736 322.85 323.003 324.6 
364322 212.108 230.224 233.332 233.814 236.119 240.035 240.275 240.811 241.541 244.555 
161730 259.513 274.463 280.268 282.039 287.099 290.346 293.176 293.811 294.488 297.303 
960264 262.278 267.696 280.884 282.608 284.327 285.424 288.305 289.953 289.978 290.94 
531374 250.896 259.399 266.876 278.684 281.261 287.66 287.772 288.097 290.782 291.774 
191163 90.2219 100.782 113.455 125.905 128.012 129.915 131.799 133.147 134.142 136.253 
665577 192.096 213.687 221.524 234.092 236.157 240.071 241.971 243.733 245.167 245.823 
770526 234.382 235.036 235.809 236.886 237.445 237.744 242.712 244.44 245.359 249.562 
264782 210.9 212.521 217.715 222.495 225.078 226.672 227.15 229.181 229.917 231.452 
499409 177.753 183.191 184.513 185.72 186.352 187.731 190.413 192.26 194.376 196.881 
996378 164.283 199.201 199.802 202.791 216.391 219.606 219.786 220.554 225.69 227.409 
366238 204.507 205.961 225.147 226.292 228.142 231.75 234.275 234.696 235.756 239.339 
367038 319.186 321.391 336.737 353.052 371.146 372.63 374.772 375.156 376.895 377.007 
985732 280.489 280.865 281.231 284.1 286.288 286.794 288.877 291.697 291.75 292.137 
481596 262.013 264.38 267.09 269.763 271.568 275.529 281.695 282.446 282.549 283.813 
435490 249.439 257.521 268.3 270.714 271.812 273.457 274.776 279.594 283.963 284.466 
398513 275.347 279.181 290.436 297.55 299.192 300.716 304.201 304.974 306.741 307.252 
457688 214.844 223.457 253.067 254.14 267.081 268.209 272.544 273.708 277.254 277.263 
864378 254.315 260.332 267.923 268.792 269.028 270.305 271.004 273.878 273.929 274.184 
245751 264.639 273.485 279.174 290.591 291.343 297.568 299.062 299.543 299.68 300.819 
927828 248.383 263.203 264.392 268.959 270.876 271.404 275.096 275.127 278.149 280.084 
90696 219.03 242.683 254.033 255.194 257.4 257.428 257.47 259.684 260.002 260.398 
619793 255.276 256.663 260.01 270.618 271.864 275.418 277.708 278.46 278.939 279.652 
242100 270.788 275.842 277.579 280.508 281.601 282.871 284.63 286.8 290.117 291.599 
151391 167.021 169.266 174.597 189.056 197.669 201.408 202.758 203.337 203.691 204.88 
901068 238.715 238.956 254.684 255.599 257.42 258.097 258.672 267.632 268.367 268.905 
923960 239.977 243.208 244.19 248.982 251.408 254.553 254.56 255.771 256.842 259.794 
215306 215.87 216.393 225.233 239.048 249.229 253.705 256.115 256.431 257.789 261.182 
904787 232.652 234.832 236.622 243.438 247.378 247.806 250.519 252.149 253.328 253.507 
503423 252.089 278.164 283.917 286.383 286.786 290.124 291.019 291.136 294.674 295.105 
25953 197.907 198.572 206.557 212.401 214.639 217.476 219.002 225.812 226.371 232.749 
231087 264.747 272.048 274.345 277.852 286.679 298.257 298.59 298.592 300.774 300.879 
571879 148.513 151.562 162.311 165.617 173.286 177.772 181.119 181.623 186.29 190.971 
946033 281.133 289.277 308.704 314.743 314.987 316.429 318.445 327.335 328.385 329.443 
692178 212.544 254.676 256.314 259.239 261.413 264.013 264.239 267.279 271.015 272.714 
78450 273.309 274.133 283.923 283.989 288.546 294.316 297.669 299.813 302.818 302.934 
822432 194.885 216.518 217.651 220.823 220.989 221.795 222.137 224.187 228.206 228.373 
908164 220.722 223.634 225.646 225.765 227.631 230.92 231.219 233.801 236.076 238.535 
997067 311.913 316.166 319.36 324.056 326.037 326.274 327.177 327.338 327.42 331.973 
316481 245.63 249.137 251.231 263.577 265.351 267.129 277.806 281.524 281.892 284.185 
601665 243.955 251.305 260.937 267.337 268.337 271.243 271.849 273.097 275.16 276.261 
609129 185.825 205.636 212.401 213.832 217.2 217.842 220.057 220.275 220.57 222.596 
265179 227.807 228.677 243.343 245.925 246.295 253.069 253.113 253.549 262.408 266.865 
884788 257.037 269.796 279.036 284.507 286.133 286.664 286.834 287.312 290.684 292.855 
77682 188.303 199.427 199.88 202.48 203.32 203.418 206.262 208.54 212.057 213.413 
117934 307.147 308.328 314.434 314.927 320.654 320.766 320.861 325.917 327.084 328.86 
182728 253.98 266.184 269.629 273.706 277.708 281.858 287.172 287.353 291.825 291.952 
646697 231.784 237.891 248.195 248.401 251.899 253.72 256.879 258.594 259.892 259.929 
967121 163.499 200.015 210.827 218.284 219.652 226.985 229.384 231.32 234.152 235.563 
556054 266.526 267.494 292.708 293.162 297.501 300.353 300.975 301.735 303.661 304.007 
208157 170.288 178.278 186.625 186.88 188.255 189.291 190.444 190.801 191.222 194.095 
813711 226.298 245.723 251.627 259.338 259.53 259.615 260.013 260.818 265.403 265.477 
431891 240.279 247.855 253.375 254.094 254.772 255.112 256.965 257.527 258.364 261.842 
984655 287.569 288.18 292.633 296.272 301.066 304.118 304.552 304.923 306.653 309.293 
994594 236.62 241.524 249.838 252.246 252.832 255.282 256.969 260.868 261.115 263.744 
148471 271.057 310.235 312.103 317.118 318.733 320.618 321.192 322.459 326.434 328.398 
283907 173.023 266.985 276.074 292.104 293.508 295.704 296.02 298.592 299.226 299.526 
237312 173.084 194.982 201.082 206.608 209.507 212.252 218.083 222.937 223.155 224.831 
897040 183.562 184.467 187.614 190.032 193.096 196.911 196.972 197.737 199.955 201.271 
219082 221.185 256.842 297.002 306.219 310.701 312.762 312.928 322.298 326.077 326.769 
840577 250.162 250.446 263.42 264.909 266.561 267.275 269.396 270.998 272.82 273.286 
612701 204.514 210.87 219.034 221.378 222.508 222.632 224.042 230.703 232.749 235.066 
979375 199.697 225.255 239.564 242.611 248.022 249.702 250.214 252.484 253.294 254.851 
481719 176.253 189.169 197.828 198.6 201.341 204.377 204.719 207.352 211.674 216.806 
85196 247.552 248.654 249.898 252.244 254.482 255.898 257.053 257.48 258.857 260.914 
278238 234.006 238.441 241.967 243.249 248.125 248.916 252.923 255.18 255.27 256.23 
325085 282.859 284.463 288.666 288.756 289.558 289.809 290.945 294.912 295.582 296.963 
141696 170.865 196.942 197.37 211.681 219.588 222.254 223.663 231.987 232.826 234.738 
52204 285.722 294.335 298.077 298.414 299.271 299.409 299.825 300.07 302.051 303.801 
602169 272.951 303.152 307.753 311.249 314.897 315.747 317.109 318.104 320.765 320.998 
47273 130.568 130.798 131.552 131.765 143.402 144.115 145.592 149.509 150.083 154.832 
915387 193.641 210.791 222.966 223.347 225.655 227.018 229.076 230.978 231.372 232.291 
537204 222.933 233.989 243.415 246.404 253.18 253.515 255.329 260.373 261.62 268.572 
328711 281.642 287.374 291.45 294.719 299.369 307.942 308.086 314.119 314.617 318.802 
644798 263.291 282.715 286.409 288.274 292.576 300.707 303.577 305.668 316.645 317.898 
259443 248.648 248.699 252.64 254.566 255.943 262.658 264.348 264.371 266.865 267.729 
817553 229.854 237.777 243.694 244.812 254.994 262.69 267.071 270.88 273.007 276.467 
866847 240.745 254.621 254.88 255.312 255.423 256.367 257.2 258.898 260.163 261.616 
297057 250.002 289.524 297.787 305.149 306.672 309.724 313.919 318.49 321.416 321.472 
557597 245.328 264.002 271.562 273.848 274.693 279.17 285.373 286.086 289.392 289.482 
532604 194.499 197.884 206.708 208.531 212.266 220.737 222.223 223.774 225.344 227.532 
69809 265.874 272.454 276.396 287.889 288.519 288.72 289.088 289.546 291.355 291.788 
986349 204.995 218.698 240.233 241.942 243.559 243.922 246.368 248.048 251.875 252.529 
935111 287.953 291.8 293.034 298.736 304.984 306.294 306.314 309.302 309.753 310.488 
534255 263.712 265.2 265.552 266.073 269.242 269.681 269.711 270.45 270.767 270.98 
560887 194.17 209.179 210.988 212.424 213.694 213.878 214.837 216.73 219.782 220.381 
79165 238.147 238.941 240.067 243.992 244.788 247.15 248.407 249.293 252.288 253.061 
982920 217.975 223.987 225.431 227.104 227.57 228.753 230.289 234.216 235.612 236.74 
989322 288.676 292.164 294.231 297.357 297.634 297.946 298.978 300.671 301.017 301.345 
821375 159.452 174.894 180.444 182.099 183.153 183.546 189.235 189.344 192.505 192.922 
232227 210.069 234.395 238.449 240.869 242.912 243.93 245.126 248.228 250.829 251.289 
697278 262.593 264.004 283.418 285.047 288.971 294.291 295.44 299.144 299.187 300.092 
320815 271.73 294.732 295.648 314.032 315.941 317.493 320.248 321.224 321.399 323.835 
211934 295.073 298.943 301.74 303.112 303.86 305.297 305.629 305.992 307.267 308.772 
56778 332.988 343.476 351.211 353.713 354.318 354.474 354.514 355.507 357.112 358.373 
286586 284.172 289.722 295.476 303.854 310.604 315.595 317.356 317.808 317.934 318.209 
783864 214.788 232.497 263.659 264.208 270.57 273.163 273.485 274.201 274.219 277.391 
233018 251.823 258.045 266.76 271.131 273.761 277.121 278.562 280.491 281.487 281.537 
715703 209.387 232.985 244.409 245.416 250.316 250.42 252.709 257.961 258.151 259.363 
541031 205.585 224.308 251.833 266.657 266.785 270.137 286.751 291.388 291.592 294.53 
994583 252.521 264.098 265.33 269.184 270.087 271.09 274.733 277.435 277.708 280.984 
172439 252.628 274.439 284.772 286.175 291.352 292.744 293.266 293.809 293.833 295.843 
44926 151.38 153.857 156.844 167.057 168.036 172.783 173.28 173.28 173.626 174.937 
372327 216.988 218.884 220.975 225.958 229.841 231.348 234.981 240.649 246.607 247.33 
751340 159.928 177.48 178.508 186.15 190.961 191.914 192.489 195.082 195.103 195.451 
470959 243.738 246.879 257.101 261.832 266.15 268.565 272.149 276.125 276.402 281.784 
625993 286.253 290.271 290.947 305.895 306.005 306.426 310.461 316.188 316.482 317.046 
385822 234.171 234.902 236.136 237.025 237.504 244.73 246.122 246.621 248.133 252.345 
151849 143.694 157.829 160.337 161.978 162.69 163.261 163.456 163.511 165.124 165.239 
643682 111.866 164.952 195.855 196.201 217.458 222.302 226.307 227.159 240.081 241.172 
757946 203.723 205.716 211.145 216.539 226.135 227.299 231.283 232.267 234.45 236.869 
660842 184.813 194.625 203.733 215.951 220.279 224.749 226.636 226.722 227.115 228.814 
283375 267.015 269.045 271.836 275.679 276.138 278.71 279.251 281.101 281.695 282.16 
731103 208.84 218.17 220.864 224.537 226.731 226.991 230.547 232.512 235.879 236.645 
576674 285.48 288.113 289.016 301.657 302.452 303.911 306.469 307.186 307.36 309.458 
807184 310.343 310.556 314.881 316.716 318.044 319.166 321.817 322.088 322.407 323.408 
455859 334.461 339.675 346.964 351.122 351.946 354.662 359.922 361.961 363.387 363.678 
737200 204.431 216.523 220.756 223.302 228.482 234.676 234.864 236.892 237.897 241.097 
586472 260.096 275.525 280.722 282.51 284.287 286.597 290.171 291.438 295.022 295.405 
680759 282.025 323.364 324.136 326.864 329.604 329.804 335.009 335.019 335.769 337.962 
356027 204.105 211.088 221.975 230.052 231.845 231.853 233.384 234.911 236.576 238.008 
34600 283.593 284.021 286.658 288.735 292.836 293.063 293.324 293.714 295.073 297.027 
336842 173.833 182.384 184.456 186.073 193.212 196.817 198.867 199.987 200.347 200.791 
333623 239.234 242.977 249.265 252.598 260.701 261.195 261.402 262.581 262.958 263.426 
270645 255.947 256.137 259.91 262.004 263.991 269.837 272.929 275.4 276.883 277.126 
917488 182.746 189.758 191.617 192.751 197.216 198.663 200.646 201.497 202.497 203.158 
530910 179.986 198.776 206.386 208.583 212.448 214.891 216.039 216.85 221.317 223.168 
367873 218.064 229.048 234.755 239.591 242.839 245.214 245.744 245.89 248.566 251.131 
236106 149.362 173.228 179.994 180.28 186.145 186.558 187.409 187.614 192.44 196.939 
961064 226.031 264.679 277.105 278.905 286.609 286.655 287.211 287.663 290.084 293.66 
950941 257.824 270.289 271.766 274.281 276.66 276.962 277.393 278.5 279.643 283.57 
794043 233.062 237.514 252.188 252.551 259.525 263.739 264.28 266.195 266.638 267.741 
52538 199.745 199.92 207.147 207.579 219.155 219.454 220.302 223.81 228.681 228.683 
898798 251.398 251.752 255.564 257.34 261.36 261.362 261.635 263.374 263.799 265.582 
580540 272.261 290.115 293.003 293.259 295.927 295.986 299.775 300.669 301.169 301.879 
620369 289.71 297.199 300.945 315.324 320.465 320.481 321.117 322.3 325.025 325.255 
403372 258.054 260.563 265.915 268.488 273.203 276.027 276.353 276.749 277.689 278.665 
16262 243.473 255.188 264.739 270.636 270.679 274.82 277.106 277.444 278.731 285.253 
588422 270.355 276.351 276.391 277.777 278.627 278.97 279.946 291.232 291.27 291.349 
511753 230.124 246.014 247.75 252.676 254.822 256.443 257.348 264.581 265.126 266.719 
755204 208.782 210.808 215.209 215.754 217.614 217.727 220.907 222.335 225.94 226.958 
403644 249.373 282.799 286.564 292.27 299.883 312.274 312.955 313.2 313.694 320.426 
177684 298.124 307.609 311.676 313.346 317.575 325.533 327.605 335.862 337.485 340.733 
431597 187.47 190.457 202.766 207.603 209.821 213.385 218.463 219.916 223.168 223.799 
532225 293.893 299.386 305.07 309.173 310.411 312.468 313.619 313.836 315.254 315.376 
742232 180.413 185.895 187.627 191.7 192.598 192.8 193.943 194.772 202.191 202.195 
736319 156.777 179.772 188.316 195.906 196.733 198.038 207.911 208.612 210.602 210.742 
262147 256.792 259.977 263.239 265.718 266.554 267.479 267.632 268.702 268.9 270.398 
948651 285.323 294.744 296.479 298.178 302.861 308.628 310.048 312.205 313.672 313.721 
595921 189.193 193.812 203.86 208.902 208.933 220.712 224.722 226.027 226.442 228.873 
44373 263.272 284.185 294.69 295.303 297.284 299.92 300.122 301.773 302.212 302.278 
843585 240.383 291.491 293.005 296.231 298.806 303.114 307.124 312.46 314.108 314.201 
329553 246.678 249.291 261.192 277.537 278.622 278.957 280.678 282.737 283.433 284.435 
446680 46.7012 48.2597 51.049 58.4893 58.7622 68.7532 71.2741 72.2357 73.3962 74.6927 
30217 152.043 160.359 161.87 167.702 167.923 168.25 169.797 174.299 177.119 184.217 
190330 152.476 194.836 199.802 203.135 206.267 212.843 218.241 221.968 222.531 224.419 
29378 287.226 305.644 311.764 340.489 340.567 344.126 352.727 352.911 353.836 358.155 
508392 202.406 203.782 212.288 214.383 215.914 216.52 217.46 217.617 217.982 219.866 
380207 220.15 246.12 248.644 252.014 253.523 257.858 262.311 264.371 269.268 269.397 
658854 253.458 258.405 261.203 262.614 265.878 267.365 269.132 270.599 271.149 272.23 
68873 224.924 225.415 229.473 232.351 236.083 236.97 237.181 238.447 239.639 241.975 
603734 258.967 262.277 266.436 267.094 268.147 268.712 269.126 270.57 273.099 273.874 
202771 267.125 281.883 283.487 284.617 292.452 297.966 298.829 299.758 300.278 300.998 
44279 164.842 235.223 239.466 244.094 249.285 254.708 255.879 256.02 257.074 258.842 
469924 204.02 230.196 239.148 248.355 255.979 260.711 263.055 268.257 273.465 275.454 
111575 275.877 282.5 282.943 284.556 299.982 302.714 303.743 307.343 307.646 309.152 
283248 195.515 271.465 273.178 287.925 289.472 294.892 296.057 296.481 297.557 298.262 
5756 246.575 267.948 271.969 287.633 289.652 290.343 296.569 300.543 302.508 304.573 
930819 231.685 236.282 239.41 240.171 240.745 241.054 242.473 243.269 243.707 243.943 
254991 230.981 232.034 239.22 243.491 256.094 263.384 265.814 268.336 270.527 274.325 
899065 248.198 254.283 259.709 266.239 268.658 268.805 273.364 273.708 274.346 274.942 
281458 163.634 171.386 177.589 177.845 179.647 180.194 181.13 185.213 185.499 187.635 
45866 236.138 238.225 248.679 261.331 264.382 267.06 268.466 273.971 276.888 277.451 
37485 287.46 305.197 309.052 312.114 314.574 317.682 325.911 326.552 334.654 338.081 
605118 214.963 218.165 228.09 229.181 232.777 234.38 234.442 236.013 236.455 237.285 
740078 232.674 241.093 245.925 250.741 250.944 251.49 251.758 260.943 270.978 271.952 
125823 252.192 274.377 275.512 281.533 286.507 287.793 287.955 289.436 290.141 290.253 
772021 206.976 227.932 237.819 243.848 249.337 249.381 251.293 253.316 253.537 254.574 
605421 178.869 192.442 204.817 208.192 208.327 210.571 211.256 214.83 215.789 215.863 
686751 166.033 167.457 171.207 177.291 178.073 178.463 181.246 181.775 184.778 185.744 
340501 261.033 273.209 276.689 277.483 283.693 283.824 284.146 286.398 288.475 288.576 
947503 158.266 175.952 178.821 179.602 184 184.732 184.77 185.046 187.451 187.843 
356831 242.328 261.744 271.75 273.62 273.828 279.514 282.791 284.97 285.302 288.038 
989707 217.589 218.435 219.294 228.099 228.123 237.447 239.967 240.499 242.555 242.842 
579528 220.737 224.62 228.95 239.587 246.607 252.693 253.253 254.659 254.704 257.501 
262195 193.016 221.31 227.978 228.559 229.395 232.42 233.619 234.787 235.419 236.205 
650622 179.254 181.662 199.875 200.691 207.138 209.962 217.819 219.142 221.228 221.54 
684226 213.949 217.214 218.525 222.67 223.038 234.932 235.591 235.667 238.696 238.946 
322702 170.479 181.887 200.477 208.195 208.914 213.783 215.36 215.958 216.435 217.389 
381627 211.582 227.475 231.004 236.254 237.283 237.884 237.905 237.918 239.077 239.71 
939447 300.569 309.141 312.386 313.664 314.673 315.351 320.058 321.843 327.107 327.634 
545687 289.382 297.951 307.896 320.177 324.863 325.04 328.294 336.052 337.703 339.719 
659063 237.765 239.015 243.633 247.627 248.375 248.381 255.852 257.348 257.835 257.897 
760736 280.164 283.708 285.776 292.908 296.392 299.399 299.505 302.129 304.163 307.213 
630441 286.536 302.166 306.782 306.963 309.128 309.752 310.884 314.398 317.139 320.991 
680735 241.754 266.545 268.451 271.16 275.271 279.156 279.423 280.218 285.657 287.162 
461712 204.59 228.657 229.669 230.413 238.724 243.895 244.722 244.794 247.568 249.062 
6107 196.122 209.225 215.46 224.022 225.65 225.725 229.689 231.504 235.446 235.591 
57773 208.797 230.773 236.495 242.442 245.852 246.913 250.681 250.697 254.006 254.763 
414975 275.857 284.417 284.819 300.343 301.916 302.528 303.898 310.826 312.322 315.816 
825527 140.883 147.75 148.896 150.795 160.767 167.26 171.207 173.994 180.533 183.706 
134544 277.094 286.634 288.593 289.047 299.231 299.688 302.232 302.638 302.676 304.436 
910236 226.559 239.368 244.107 252.367 269.857 275.918 278.372 278.831 281.174 283.512 
112613 145.159 160.147 161.623 190.239 194.384 196.777 198.411 198.94 200.604 202.252 
665257 232.813 245.569 247.034 248.318 249.199 250.276 250.3 257.831 260.048 260.248 
372838 267.215 279.834 283.581 298.257 300.837 301.437 302.237 307.881 310.034 314.838 
519856 182.477 185.194 187.417 189.138 195.474 198.514 203.106 203.118 203.806 205.361 
534151 195.727 211.627 216.622 221.824 236.751 236.802 237.607 240.817 242.557 244.481 
545359 161.093 161.285 163.264 170.303 173.142 173.81 174.08 177.795 178.152 179.878 
992567 288.681 289.788 290.264 293.813 302.26 309.052 310.533 315.658 315.734 316.481 
64221 206.995 221.822 228.3 241.257 241.853 243.719 244.737 250.567 251.819 254.949 
545056 287.343 289.405 290.333 296.054 297.795 299.186 301.156 302.309 302.916 305.2 
335040 190.26 203.706 222.632 224.132 224.486 225.302 227.491 228.858 230.18 230.688 
958452 279.441 281.801 293.048 296.916 298.357 299.635 301.34 304.478 306.837 307.693 
281077 261.868 280.485 288.952 296.36 298.946 299.643 300.008 303.99 304.311 304.544 
860224 272.694 299.284 299.371 304.02 307.405 308.457 308.569 309.897 311.185 314.024 
104901 205.249 209.17 209.306 212.836 215.993 216.7 217.807 217.819 218.22 219.486 
767560 202.297 265.354 276.583 278.878 287.371 288.09 289.403 289.582 290.365 296.468 
309602 207.278 213.256 219.704 219.968 221.251 223.35 224.239 224.361 225.9 229.186 
661145 242.155 257.21 262.8 264.964 265.539 267.305 268.125 270.052 276.038 276.163 
978820 302.678 304.053 306.791 312.006 313.249 319.656 320.422 320.919 322.74 323.13 
715028 282.014 309.693 311.408 312.516 317.512 318.507 319.498 319.617 320.705 323.997 
628730 250.691 254.924 259.233 262.113 265.468 267.752 270.274 272.028 272.864 272.974 
872642 270.766 272.982 275.44 276.244 276.767 278.076 279.308 280.319 285.324 287.057 
180114 183.856 192.255 193.29 196.954 212.633 212.749 213.443 215.581 216.659 217.736 
90865 241.328 243.998 245.935 263.072 266.402 272.119 274.197 274.649 275.402 276.147 
439574 238.141 249.646 251.909 259.031 268.323 268.825 268.916 268.998 271.884 271.985 
447652 247.897 269.655 274.756 277.973 284.253 287.444 287.998 292.688 297.498 299.538 
749273 226.502 226.824 233.859 235.998 239.604 242.734 244.268 244.873 245.126 247.2 
395155 281.904 291.465 303.355 306.961 307.625 308.175 311.718 312.613 317.352 319.933 
414488 271.234 282.496 287.733 290.46 293.575 297.651 299.733 301.118 303.045 305.791 
136499 313.777 324.84 329.768 330.371 331.192 333.569 335.07 337 338.404 340.492 
11314 168.137 185.612 198.005 199.612 208.48 221.576 222.76 225.916 226.015 229.813 
102827 179.232 210.362 217.961 232.783 237.79 242.518 243.088 243.604 244.461 246.87 
291658 265.564 277.121 279.804 285.018 291.832 293.13 298.762 299.374 305.704 306.557 
496982 274.953 281.574 283.863 289.601 290.203 290.281 294.632 298.084 298.226 301.894 
716583 167.797 216.014 216.211 218.422 222.726 224.844 227.264 227.515 229.859 233.174 
716533 241.205 250.032 250.11 250.344 250.661 252.309 252.662 256.146 260.186 263.068 
979095 248.21 253.207 266.456 281.03 282.498 284.294 290.498 290.752 291.753 294.986 
449920 249.265 262.477 264.477 267.86 270.74 271.293 275.282 276.248 277.217 284.318 
123455 267.5 277.975 289.361 289.451 290.739 291.266 294.087 294.608 296.887 299.987 
22380 154.169 200.796 203.666 205.55 208.408 210.2 215.84 215.859 218.406 221.378 
241039 217.851 250.496 254.376 257.414 259.137 260.966 261.034 261.994 262.458 264.992 
322820 269.407 269.585 270.168 271.052 275.249 276.337 278.708 280.355 280.416 282.284 
606183 251.68 258.633 268.05 268.743 270.634 274.563 274.798 274.831 277.061 277.739 
398482 218.68 240.952 263.042 264.176 278.826 279.991 283.722 286.496 288.948 289.164 
629270 299.403 307.039 315.362 315.783 317.725 320.504 320.861 322.039 322.177 324.429 
293686 169.366 184.689 186 192.094 193.259 193.52 193.979 195.033 195.783 200.397 
952204 242.547 244.52 253.541 257.771 258.776 264.388 264.936 266.627 270.786 271.03 
570591 243.551 250.308 257.393 264.79 266.719 267.92 269.08 269.162 272.244 272.61 
39394 184.662 213.481 217.099 233.484 235.223 246.645 256.459 259.854 260.042 262.359 
292026 203.674 214.266 214.541 223.933 224.568 226.011 227.673 228.86 230.397 230.723 
990372 281.842 282.454 286.358 291.237 292.13 297.268 299.1 300.862 301.284 301.912 
65300 55.0182 302.142 303.867 305.907 307.036 307.794 308.002 308.187 308.756 309.919 
24527 206.691 213.476 214.593 219.205 219.713 219.743 223.853 224.248 225.053 225.479 
866044 266.674 268.727 276.346 278.162 280.792 282.966 291.397 297.22 299.767 300.606 
660412 130.618 133.727 135.259 137.306 140.342 142.222 143.077 143.478 144.731 148.829 
704056 263.408 267.604 268.239 268.736 276.597 277.128 283.049 283.286 284.343 284.863 
956686 165.475 173.222 176.264 184.304 185.693 187.782 189.523 195.085 195.648 196.799 
563214 238.279 260.918 262.741 263.416 268.762 268.874 275.365 275.839 276.505 279.659 
509053 255.752 273.728 274.106 278.282 281.839 284.035 284.795 287.58 287.805 289.931 
389623 244.004 249.026 253.553 253.772 261.905 264.777 265.714 267.221 268.594 278.453 
661463 212.459 213.291 213.497 221.772 223.719 226.466 227.475 227.807 230.276 230.467 
249257 200.152 202.252 212.045 221.664 225.34 233.448 234.167 238.638 238.818 239.666 
774723 198.088 217.279 217.667 243.571 245.418 245.666 247.291 256.494 257.313 262.326 
906154 190.885 209.287 210.236 211.882 214.294 218.037 222.241 225.672 227.612 228.44 
667625 221.158 227.055 233.071 234.096 240.341 241.311 244.54 245.565 247.526 248.54 
81698 202.23 207.393 212.657 218.05 218.511 220.114 226.833 228.799 230.604 234.141 
418926 111.162 266.287 285.437 293.724 294.71 296.118 301.742 302.647 321.649 325.942 
791161 248.022 254.37 255.975 258.114 261.761 264.836 265.486 269.438 269.952 277.914 
360366 295.164 302.056 302.361 305.113 308.162 308.605 311.357 311.681 314.334 314.829 
520695 128.46 151.572 162.994 182.192 182.891 185.507 187.198 189.114 189.267 190.163 
398972 286.916 300.731 301.568 304.071 304.148 307.703 308.203 308.54 311.565 313.611 
723456 143.052 151.704 153.932 157.194 159.769 160.879 161.065 161.567 162.548 166.289 
681607 278.255 280.484 281.533 284.677 285.916 286.725 293.37 294.798 295.62 296.213 
90820 191.567 192.174 202.714 204.296 204.768 208.223 208.983 209.867 212.502 212.528 
895731 181.419 197.775 206.148 209.428 214.124 215.163 218.126 220.572 222.225 222.38 
762080 81.1357 124.551 169.862 179.391 181.788 182.748 184.062 190.134 197.238 204.304 
905518 127.945 144.399 145.365 148.24 148.745 149.151 149.235 149.492 150.373 150.599 
726449 260.5 279.773 280.713 282.207 282.374 286.259 286.276 286.895 287.666 289.358 
716193 236.51 241.315 250.819 251.847 253.49 259.669 263.682 264.129 265.434 265.752 
582886 252.182 278.483 281.428 286.819 302.094 303.533 304.316 304.505 307.005 307.782 
63714 300.33 307.513 317.679 323.172 326.422 326.94 327.605 327.883 328.41 328.802 
687311 261.124 273.785 278.469 285.577 286.576 290.369 295.735 297.997 298.848 299.092 
574579 238.455 238.546 246.953 255.29 255.486 258.923 259.55 259.682 261.188 261.882 
921465 186.668 194.815 197.874 211.698 213.246 214.308 214.958 216.922 218.227 220.143 
621088 234.757 251.805 255.198 259.384 266.627 269.022 274.525 275.792 279.521 281.796 
787376 245.237 246.621 258.513 260.891 268.27 268.33 274.88 278.431 282.422 285.401 
329339 269.785 275.659 276.34 277.618 282.338 282.837 284.039 289.47 293.223 293.477 
27053 253.428 258.258 264.541 271.755 276.718 280.794 288.61 289.01 290.317 294.579 
760023 283.956 287.713 290.735 294.615 295.046 298.084 300.698 301.703 302.663 307.491 
618068 240.664 280.829 283.208 294.173 297.604 307.023 307.724 309.146 312.578 314.471 
886032 175.79 274.609 275.603 285.505 286.599 289.111 293.832 295.305 297.881 299.399 
505212 260.712 274.585 285.445 287.336 288.557 288.602 292.423 295.445 295.616 296.904 
444161 241.491 256.033 285.648 291.498 294.433 294.898 296.677 301.863 301.917 304.61 
342901 282.761 285.865 287.522 291.62 292.65 292.814 293.866 294.224 294.88 295.159 
250202 197.466 209.124 209.607 213.291 220.474 221.396 222.798 223.056 227.427 228.055 
743778 211.913 228.252 235.572 236.387 238.351 240.527 242.685 244.111 245.459 245.85 
531953 226.716 257.736 258.05 259.871 262.12 262.425 265.475 267.636 269.032 269.16 
162665 238.365 268.28 275.418 278.356 280.738 280.801 281.752 282.712 288.068 288.598 
284632 250.647 260.542 263.236 282.622 290.77 293.377 293.437 298.317 301.042 301.816 
229711 188.833 191.716 193.132 193.698 199.349 199.685 199.875 200.759 201.524 202.129 
179570 230.768 253.827 255.274 260.666 262.895 266.964 267.131 267.75 268.522 268.762 
218364 325.755 328.183 333.062 338.838 342.694 344.068 351.744 352.055 353.147 353.648 
721807 275.258 279.682 285.983 293.581 294.851 296.478 298.903 301.378 304.371 308.479 
168450 255.243 256.453 257.379 261.729 262.282 263.101 266.332 271.601 273.896 279.542 
65133 286.342 307.695 320.882 326.526 326.642 331.184 332.872 334.304 335.512 337.503 
263756 253.008 259.738 271.917 273.198 276.46 279.585 286.498 287.97 288.984 289.755 
413950 286.814 289.51 289.548 296.57 304.654 319.467 320.925 321.016 322.402 322.492 
291177 259.963 264.494 269.811 272.316 278.797 278.855 281.242 282.673 282.813 282.871 
913176 202.904 210.014 210.723 211.599 213.621 228.814 228.867 233.69 235.136 237.133 
356252 219.816 222.654 233.099 235.242 240.741 243.152 245.239 247.693 248.3 250.142 
870167 187.494 198.368 215.386 223.56 233.897 236.013 237.424 237.855 238.325 239.184 
198659 233.077 254.309 256.616 260.99 263.905 267.966 273.253 273.934 274.233 276.159 
87241 228.055 232.577 234.278 238.805 240.518 241.971 242.526 244.547 244.667 248.413 
596496 270.795 276.534 280.484 280.794 282.657 285.97 288.792 289.862 290.388 290.67 
919762 148.926 162.61 163.631 169.254 173.522 177.578 180.008 182.135 184.41 187.971 
235724 263.68 267.155 277.626 286.498 313.147 313.943 315.851 317.626 322.019 323.872 
186595 287.646 301.73 307.841 311.204 315.677 317.751 324.858 325.367 327.848 329.494 
850235 216.982 219.511 222.365 231.922 233.696 235.068 235.903 236.878 237.082 237.683 
796669 264.779 272.428 295.55 307.849 308.66 313.034 313.756 314.6 320.507 321.23 
437539 226.351 233.193 236.239 240.056 246.97 247.295 248.185 248.61 256.158 256.205 
809906 131.343 147.027 150.911 158.792 160.371 160.646 161.617 163.484 164.143 172.705 
948086 206.855 239.389 242.792 244.882 248.996 250.138 250.248 250.787 251.032 254.971 
572028 141.255 141.859 159.028 159.7 162.453 165.647 166.223 168.947 172.615 175.792 
281214 296.025 297.819 300.922 301.889 302.719 304.324 309.049 310.471 312.733 313.386 
916522 187.742 206.923 207.962 211.495 212.231 214.96 217.543 219.716 219.789 223.508 
928188 290.455 290.58 290.918 296.579 300.408 302.903 303.29 303.618 305.992 306.047 
353776 256.71 258.246 265.309 269.514 270.609 279.946 280.203 281.533 283.212 284.586 
267149 153.202 154.629 165.723 167.108 169.579 170.458 179.994 180.865 181.331 181.375 
609207 195.617 196.804 206.896 207.495 208.873 210.105 210.699 211.088 211.986 212.415 
135304 267.026 286.376 302.936 304.948 306.835 311.921 312.095 314.794 316.635 317.381 
862352 230.558 242.872 242.992 249.443 254.845 255.652 256.741 257.132 259.428 259.79 
420709 205.531 211.781 212.035 213.382 214.737 214.853 217.642 218.296 218.374 218.58 
451186 186.989 191.531 203.558 206.741 208.137 213.117 218.245 218.954 219.399 220.857 
720211 118.579 122.319 137 138.802 139.882 142.496 143.339 145.289 146.485 154.266 
889690 200.99 222.742 225.244 236.77 241.88 245.888 246.299 248.95 250.575 251.211 
948159 238.753 244.994 252.389 263.486 264.711 268.73 271.941 272.305 273.951 274.967 
864522 256.848 272.991 295.185 295.885 298.144 301.826 307.13 308.597 309.039 314.387 
506423 237.255 239.41 242.147 242.691 245.149 247.312 249.137 253.249 253.907 259.359 
424403 143.795 151.06 158.322 166.682 168.003 169.541 170.323 174.508 175.844 178.659 
284745 308.337 326.634 330.105 339.623 339.693 341.315 341.968 345.007 350.521 352.024 
873776 258.178 261.167 264.779 266.239 266.79 273.732 279.12 281.007 281.617 283.926 
73656 280.71 296.965 305.993 308.299 309.483 311.166 317.096 318.528 318.537 319.304 
522933 223.065 224.976 225.286 229.615 230.311 235.563 236.666 239.211 241.178 243.442 
675841 234.15 255.742 256.115 266.775 266.895 269.746 278.762 280.676 280.826 282.149 
698606 264.687 269.78 277.184 285.902 286.944 287.085 292.426 295.867 298.329 301.284 
610061 224.517 250.19 251.229 256.977 260.452 262.696 263.761 264.59 265.064 265.588 
941421 132.492 152.532 155.248 162.502 162.917 163.973 169.062 171.099 171.54 173.121 
720357 231.149 237.289 240.518 247.948 258.244 261.574 263.913 263.93 266.58 270.048 
9773 286.445 298.421 300.624 307.581 311.878 312.784 313.053 313.16 313.38 313.879 
270270 284.429 292.771 298.49 300.237 302.293 303.626 308.819 311.194 312.056 313.525 
583392 286.888 287.052 287.851 288.427 292.284 295.86 295.98 299.431 300.133 300.636 
411669 218.81 221.754 240.909 245.587 251.293 256.718 266.16 270.9 286.693 286.967 
179336 209.39 230.167 250.346 254.598 255.282 260.858 269.347 273.06 274.075 275.432 
555218 238.445 253.462 254.01 255.415 255.971 261.392 261.689 270.278 270.657 270.766 
686336 298.148 299.665 301.209 303.284 305.488 307.332 308.138 316.582 319.022 319.512 
579326 257.367 264.838 278.072 282.896 286.672 289.332 300.957 317.008 318.431 319.561 
921293 181.066 192.343 196.881 198.849 200.12 200.457 200.577 201.191 201.73 202.494 
552139 287.162 288.035 309.566 316.269 318.297 321.04 322.93 327.451 328.484 329.061 
118826 206.25 214.786 218.938 220.477 222 223.069 228.281 230.484 233.137 233.835 
642676 115.178 138.127 142.004 149.482 152.709 152.81 153.457 154.845 156.783 157.591 
516101 224.112 226.665 228.009 230.33 234.908 236.186 240.57 241.516 242.714 242.798 
227906 285.326 287.303 292.612 301.461 304.016 309.406 310.685 311.429 311.764 313.59 
928177 242.295 253.74 255.494 255.961 256.498 257.544 260.925 261.482 261.826 262.406 
216110 265.897 266.21 269.748 272.525 272.91 273.093 274.004 274.332 280.004 280.931 
877078 191 221.269 223.238 227.352 229.913 233.788 234.762 237.882 240.934 241.212 
922343 267.498 280.639 280.681 285.226 286.54 288.272 288.756 289.577 291.161 293.177 
510959 231.696 254.191 261.448 262.258 264.753 273.777 276.76 279.242 280.516 283.138 
229783 221.845 222.726 224.517 226.298 226.382 230.775 231.385 237.169 238.619 240.73 
323207 192.12 258.78 261.059 263.124 268.123 269.052 269.249 269.661 271.627 272.086 
480444 184.862 192.813 197.859 200.93 204.152 210.067 210.668 212.375 212.504 212.554 
506315 256.15 261.926 268.944 275.4 281.892 285.725 289.446 289.624 291.848 293.442 
87085 174.075 175.79 178.314 180.183 180.599 190.316 191.995 193.399 193.861 194.337 
847585 96.2653 99.4032 100.344 103.407 103.769 104.919 105.788 110.204 113.609 115.399 
580197 131 133.611 135.739 138.232 148.563 156.186 169.682 170.449 173.02 174.991 
968563 262.722 275.969 279.428 290.519 296.462 298.3 301.692 303.289 306.834 306.997 
771370 256.827 258.482 262.237 266.719 273.404 274.824 275.784 278.914 279.415 279.603 
881348 282.303 289.216 294.815 295.489 298.064 300.977 301.14 302.468 302.59 302.927 
346228 280.615 296.87 297.086 297.597 299.837 300.295 300.46 302.202 302.24 302.457 
107356 268.855 276.033 278.464 281.737 282.28 286.101 286.39 286.412 288.031 288.721 
208950 274.72 288.785 296.626 297.342 298.057 307.812 311.689 313.441 317.91 318.368 
372637 160.77 171.114 181.574 183.744 190.882 191.113 194.736 198.499 200.187 200.943 
469133 155.003 162.182 163.78 166.562 171.59 172.54 175.798 178.022 178.432 179.02 
587003 294.049 310.019 311.072 311.463 312.432 315.254 315.715 316.285 319.806 321.584 
533898 300.265 311.995 322.255 325.457 325.526 328.35 328.385 329.386 333.573 333.853 
619055 175.872 202.497 212.638 219.536 225.495 227.359 228.425 228.948 229.24 229.928 
670851 266.996 268.866 275.543 278.358 278.736 283.817 283.889 284.419 284.533 284.795 
667155 186.36 191.859 194.561 204.541 209.602 215.107 217.35 217.463 218.38 218.877 
721202 188.045 199.765 203.308 203.617 205.521 207.495 209.507 211.232 216.062 216.887 
628483 267.899 280.85 291.65 297.187 297.358 304.365 304.833 307.07 307.789 308.141 
190667 236.224 239.856 241.553 242.012 243.241 244.996 247.21 248.417 253.951 258.389 
914866 276.014 280.443 303.018 304.174 307.467 307.817 308.24 309.5 312.399 313.409 
237942 221.727 222.944 227.407 231.197 237.112 238.395 238.678 241.431 243.512 244.941 
807630 181.576 181.753 198.444 201.502 204.673 206.005 206.08 213.584 214.394 217.297 
232465 159.248 206.485 234.651 235.272 239.472 241.394 244.027 247.629 247.705 249.453 
508894 224.867 234.369 237.817 243.374 244.659 245.408 251.66 252.998 253.961 254.059 
474236 207.343 210.483 213.609 214.46 216.926 217.83 222.072 223.134 225.586 225.947 
239203 177.84 178.261 181.086 181.651 190.531 190.9 192.273 192.691 194.412 198.449 
376983 190.139 209.177 215.583 219.604 233.431 243.93 249.441 254.415 258.165 267.651 
639430 148.388 150.771 162.561 163.689 164.362 167.896 170.851 173.355 175.111 179.379 
54331 148.778 148.899 151.707 157.572 160.879 162.364 164.994 165.036 166.217 166.241 
218695 235.591 247.487 248.421 254.462 254.666 254.757 258.704 262.867 263.75 265.177 
361793 251.869 252.856 257.008 259.187 262.696 264.288 264.558 265.353 267.671 267.832 
537615 130.215 141.753 143.673 146.41 147.139 148.088 150.871 153.555 153.912 154.864 
450724 227.037 232.908 242.083 243.77 248.03 249.175 252.909 253.237 258.965 260.127 
998617 221.337 226.263 227.004 233.328 237.202 239.729 244.716 247.758 248.614 253.553 
197566 239.13 244.027 262.25 265.573 269.646 272.349 273.082 273.69 279.077 279.525 
339287 209.809 210.088 211.265 224.051 224.597 224.951 226.345 226.894 227.451 230.499 
763405 170.86 174.622 178.855 179.591 180.297 180.405 180.48 181.348 181.546 182.209 
129543 230.209 286.887 287.038 290.35 293.435 297.042 299.257 300.486 304.949 307.226 
378787 233.94 256.854 262.852 268.298 270.431 272.006 274.013 274.814 275.431 276.007 
484112 230.415 273.139 276.771 280.455 281.94 289.584 293.571 295.873 296.15 296.773 
48258 275.913 282.257 283.951 291.58 292.034 299.473 299.655 302.729 304.187 305.495 
226815 261.243 268.654 274.259 286.459 289.809 291.311 293.447 294.192 294.876 295.142 
202773 246.854 261.477 263.547 266.764 276.145 276.971 277.618 278.704 281.272 284.452 
980234 135.665 140.139 147.16 149.526 149.777 160.782 161.047 162.754 164.691 165.635 
371602 256.87 273.207 275.158 290.188 295.753 302.813 309.026 309.081 309.38 311.45 
449191 188.854 212.485 216.083 216.15 216.774 217.235 217.417 218.792 224.413 225.774 
497608 288.581 293.775 302.437 302.726 309.005 309.057 311.214 313.056 317.033 318.321 
42150 199.617 209.99 212.306 215.961 216.834 220.724 221.165 221.298 221.301 221.615 
368487 197.651 213.08 230.46 237.173 241.715 242.227 243.033 243.247 243.709 245.864 
12800 196.094 197.228 199.028 201.032 207.338 209.225 210.964 213.382 217.389 219.918 
648885 236.47 246.402 248.143 248.56 251.056 253.561 253.894 263.021 263.742 264.541 
676279 127.031 138.025 138.206 141.29 142.018 143.666 144.305 144.437 144.516 144.99 
893944 276.666 280.701 282.655 283.265 283.819 284.668 286.866 288.406 289.579 296.437 
82380 261.7 266.156 273.059 274.769 277.818 281.427 282.646 282.733 283.034 284.282 
316175 273.43 283.482 288.352 288.565 293.024 295.283 295.823 297.609 300.987 301.755 
836570 257.841 257.857 259.937 259.996 261.033 262.501 262.69 262.743 265.147 265.507 
635621 281.968 303.763 312.885 312.99 313.192 314.376 316.539 317.459 319.578 320.239 
534607 238.73 273.85 274.927 278.883 281.626 283.26 294.379 300.694 301.065 302.685 
869312 184.293 190.984 207.352 209.538 220.715 222.861 223.739 224.116 227.229 227.271 
415872 131.738 256.42 266.22 267.019 271.47 277.177 290.93 291.189 294.194 295.757 
758273 218.177 222.401 231.866 236.08 239.516 243.101 244.129 244.728 244.735 244.998 
736673 238.426 246.767 252.034 254.486 255.31 257.725 273.735 276.415 277.739 282.094 
338654 208.83 214.453 215.023 217.32 222.135 222.531 223.146 232.131 235.147 236.867 
435203 305.864 316.654 318.558 318.771 323.87 329.45 329.83 330.905 331.365 332.203 
255549 224.292 231.361 243.783 246.84 246.899 247.004 250.603 255.118 256.805 258.378 
26865 143.628 182.058 186.062 213.293 223.336 225.962 229.965 231.601 233.611 241.106 
817096 227.596 297.637 307 310.908 312.698 314.725 315.991 318.871 320.365 321.23 
416347 239.802 249.112 250.962 254.228 255.904 256.244 256.496 256.679 257.794 258.3 
672226 153.698 198.59 208.384 209.907 210.533 210.756 211.823 217.979 220.837 222.324 
713474 220.792 222.935 228.272 234.009 241.073 246.138 249.832 250.456 251.332 251.639 
822714 236.483 238.652 239.464 240.516 243.202 244.006 244.598 245.915 247.661 249.165 
358000 268.412 272.05 275.703 281.336 282.818 283.85 288.175 288.565 288.604 291.196 
321256 285.57 291.186 291.223 297.22 299.957 300.646 302.909 303.677 304.339 306.655 
449057 179.524 196.046 197.628 202.731 220.148 221.258 226.985 228.519 231.476 231.871 
148919 255.186 258.019 269.076 275.153 277.712 280.332 282.744 284.782 285.338 288.496 
965467 126.293 147.543 149.442 153.899 159.784 167.795 173.014 173.629 174.714 177.2 
122516 241.688 245.835 248.759 253.103 253.984 254.307 257.235 258.842 259.453 259.596 
74756 267.225 277.744 284.71 290.01 290.16 291.508 296.611 302.599 305.446 307.423 
850734 255.464 260.146 263.484 265.511 266.747 269.774 272.378 272.494 275.189 277.303 
944845 247.736 249.086 252.398 252.555 254.033 254.167 256.125 257.451 258.465 260.073 
636818 202.803 212.273 215.741 219.011 229.719 231.076 233.94 239.261 240.325 240.472 
57581 141.52 149.221 154.075 160.278 161.22 166.775 166.943 169.829 172.119 173.776 
582741 309.149 338.038 340.188 350.166 350.177 351.325 351.854 353.715 354.02 358.887 
29023 302.043 304.59 311.307 311.915 314.722 316.09 319.066 319.975 323.034 324.148 
773837 267.686 282.03 294.82 299.858 310.144 311.275 312.57 315.519 316.195 316.784 
567695 223.231 224.21 227.262 228.696 230.79 231.327 234.557 235.968 236.032 236.797 
282541 242.481 243.121 252.535 253.955 257.866 261.193 263.323 264.509 267.387 269.084 
62322 251.641 264.201 277.874 279.127 286.28 287.769 294.939 297.871 298.731 299.219 
884433 213.335 215.346 220.749 221.109 223.22 227.046 227.554 228.291 233.91 234.344 
71358 231.84 237.086 239.687 242.157 242.839 245.976 247.291 248.604 249.756 250.108 
629656 194.201 211.969 213.748 222.726 238.273 243.391 251.008 251.913 254.38 255.621 
826315 168.348 170.584 172.566 180.144 181.422 185.89 187.099 191.277 198.94 200.816 
908005 210.874 215.567 228.399 228.819 230.017 232.772 233.461 234.655 237.369 238.632 
828589 210.889 224.35 225.375 233.29 251.342 261.151 263.241 265.157 270.152 270.609 
613228 305.799 306.366 307.846 315.658 319.675 320.311 320.486 322.636 324.581 325.109 
283172 186.242 200.469 202.704 204.48 216.058 218.879 220.393 223.332 225.116 227.98 
246899 198.663 202.406 203.369 215.887 216.19 220.497 223.432 225.402 225.626 227.914 
233029 159.085 189.774 199.845 204.042 207.586 209.413 210.473 211.509 216.361 216.804 
933128 255.934 267.797 270.056 271.361 276.603 277.263 278.595 281.475 284.647 285.617 
157307 292.681 293.721 295.851 297.35 305.967 309.611 315.259 320.882 323.606 329.002 
410656 254.871 276.657 305.447 308.399 318.696 321.241 323.065 323.543 325.029 326.412 
630153 255.257 255.805 262.378 263.084 268.252 270.908 275.282 276.447 277.465 277.485 
739860 277.955 278.342 278.349 282.234 287.538 288.565 289.278 290.31 291.955 292.354 
812065 178.913 188.202 188.234 189.172 193.036 196.586 196.896 197.967 201.122 205.735 
316411 231.169 245.194 245.597 247.19 251.48 251.708 255.172 260.215 260.417 260.582 
777577 187.053 249.163 249.207 253.02 260.996 261.488 263.416 268.032 271.068 271.663 
591398 206.613 213.577 218.799 222.227 223.112 223.79 225.422 225.428 229.408 230.174 
344851 195.78 208.813 214.182 222.036 223.345 224.232 224.782 232.53 233.324 233.495 
472367 306.645 312.642 312.826 324.069 326.706 327.099 328.332 329.302 329.995 330.742 
711741 242.621 243.088 245.039 248.459 252.204 257.27 258.267 259.313 261.389 262.244 
843573 230.285 230.794 239.428 242.475 242.627 242.986 244.716 248.417 248.833 251.384 
687687 242.118 242.38 242.423 243.653 248.719 252.462 253.19 253.947 254.028 254.291 
566908 302.754 304.355 311.496 321.025 321.506 326.032 329.132 331.794 332.351 334.987 
452271 167.657 170.444 176.649 188.794 189.243 189.565 189.665 190.234 198.824 199.168 
212793 279.895 291.381 292.166 292.33 293.842 298.158 298.218 299.386 301.247 303.236 
413460 216.698 219.554 232.45 237.569 238.763 244.941 269.848 272.127 273.425 282.807 
112828 288.836 311.501 312.858 319.556 320.333 326.515 327.577 329.349 329.456 329.621 
855066 247.661 268.634 268.773 272.573 276.349 276.756 279.82 282.494 282.572 283.332 
67137 265.277 268.879 278.819 281.352 282.459 286.273 292.901 293.23 294.786 295.139 
44055 141.905 150.947 174.129 175.608 175.835 181.714 195.678 202.198 212.76 217.555 
842649 190.507 192.637 196.448 199.642 199.86 200.345 205.227 206.548 208.914 209.695 
365520 306.036 314.188 314.368 315.125 315.428 316.675 316.711 317.819 319.662 319.791 
832830 272.206 290.162 310.409 319.661 322.61 327.933 329.392 329.451 329.597 330.297 
281942 178.891 180.294 189.037 189.359 191.917 194.885 195.883 200.459 205.2 205.283 
942182 231.378 245.949 251.942 252.933 259.102 261.477 262.827 265.492 268.747 271.129 
672817 112.036 119.331 137.102 138.018 138.676 140.054 140.057 140.759 141.372 144.115 
916190 183.005 201.211 205.937 211.821 213.888 215.472 216.942 217.249 219.927 220.66 
60077 170.83 201.186 213.921 214.826 217.663 223.473 223.589 223.866 225.692 226.031 
342924 294.148 302.42 305.085 307.795 307.82 308.66 310.202 313.394 314.022 315.324 
342168 223.32 231.655 233.895 239.209 240.337 241.533 242.169 242.714 243.68 246.262 
86092 190.234 205.361 205.66 205.704 210.359 214.362 214.677 214.69 217.908 217.947 
349469 304.45 311.742 324.554 325.936 327.139 331.112 331.325 331.537 332.065 333.416 
854015 163.107 177.831 180.261 182.831 192.66 194.751 195.1 198.073 198.3 198.512 
650633 147.801 186.523 187.254 188.122 188.693 190.733 194.34 196.593 197.337 199.01 
203175 236.78 245.988 262.395 266.843 269.243 269.474 270.1 271.4 271.665 273.322 
700469 259.669 277.534 278.266 278.473 282.898 283.302 283.395 286.47 287.941 288.312 
409124 259.544 270.017 272.927 275.309 276.357 276.783 277.923 278.991 280.202 280.831 
482405 239.42 245.245 245.774 247.15 251.94 259.365 263.513 267.892 268.082 268.682 
303468 225.242 230.441 242.262 249.918 253.691 257.369 260.023 263.864 263.985 264.22 
197560 271.617 284.617 287.757 288.581 291.625 292.653 293.77 295.851 296.522 297.757 
264374 243.9 244.166 245.434 249.548 254.053 256.24 262.501 263.589 264.193 266.319 
146225 291.417 293.511 296.591 300.325 300.9 302.908 303.201 303.257 310.058 310.077 
633277 226.334 226.987 228.589 234.51 234.928 236.273 239.136 239.547 240.121 240.298 
588377 239.94 242.739 246.51 252.899 253.334 254.886 254.951 259.021 259.442 262.059 
727502 290.656 293.787 298.858 300.678 301.496 305.526 307.576 308.222 309.215 309.705 
61896 200.594 207.41 207.492 220.193 230.059 233.915 234.612 235.053 236.089 237.059 
402214 266.408 276.127 276.783 278.095 282.608 282.76 287.576 288.245 292.648 298.369 
346894 296.827 309.149 309.22 310.111 314.528 315.794 316.539 317.241 317.276 318.187 
537152 289.182 294.752 300.478 307.156 308.002 309.958 309.995 312.576 313.431 314.382 
229468 260.954 290.176 292.549 299.428 299.491 301.291 304.626 304.674 305.77 305.822 
258043 229.996 246.274 248.59 251.38 255.582 259.794 263.03 263.507 264.286 264.632 
135435 273.157 289.377 293.445 304.309 307.426 313.995 314.695 314.848 321.135 321.171 
701635 106.273 109.197 109.75 110.77 116.825 118.102 118.735 119.708 120.888 122.458 
666476 224.782 234.077 237.994 240.431 244.534 244.589 244.79 252.725 257.981 262.711 
642541 211.421 232.383 232.85 233.371 239.779 244.168 252.82 259.615 267.918 270.261 
377404 284.343 288.108 311.145 313.488 319.64 323.326 323.515 326.614 326.893 333.419 
744879 266.7 266.781 273.007 273.719 274.496 285.265 285.664 285.86 287.329 287.766 
488032 242.981 255.785 258.554 266.483 274.529 292.455 298.27 298.868 299.543 299.675 
807876 192.003 211.358 218.028 224.002 234.832 238.667 239.716 240.811 242.153 244.035 
312971 220.313 234.094 239.399 240.11 241.479 245.006 245.027 248.986 249.243 249.317 
19190 246.968 253.762 266.351 268.308 279.752 280.907 284.385 284.914 288.278 288.545 
979817 232.478 232.689 234.604 237.619 238.594 240.522 240.549 242.835 245.894 248.823 
427261 229.438 241.284 244.733 251.676 254.321 254.515 256.811 257.511 257.727 259.546 
647803 240.206 246.071 250.35 250.557 252.537 254.24 257.56 260.626 261.373 263.03 
592295 279.147 279.322 280.471 281.45 291.014 292.426 297.968 298.565 302.003 303.439 
653077 161.676 161.867 183.927 186.649 190.46 191.343 191.408 194.44 198.894 200.412 
839764 254.197 257.025 260.371 260.536 264.293 266.445 267.843 267.976 270.291 271.026 
937789 237.257 241.108 245.037 246.215 250.192 251.615 253.921 254.026 254.134 256.981 
859005 220.554 221.664 226.086 229.98 230.972 232.325 235.204 237.053 243.311 243.567 
588214 252.808 266.051 266.197 270.115 274.876 275.278 276.23 277.135 278.004 280.936 
56943 202.788 215.875 219.666 222.847 223.477 224.395 226.473 227.187 227.884 229.695 
991285 308.023 308.131 313.038 315.111 315.691 316.226 318.415 319.925 321.79 322.138 
723794 257.567 270.106 278.498 278.566 279.578 282.439 282.735 284.642 285.781 286.623 
717926 297.357 297.993 299.84 306.242 308.654 308.718 309.553 310.324 312.597 313.024 
209604 306.47 309.071 316.681 318.033 321.773 323.07 327.364 328.751 329.043 332.857 
385056 232.028 281.59 286.922 286.97 294.063 294.9 298.712 300.238 303.687 305.905 
296001 242.815 272.029 277.242 286.264 287.38 288.474 288.666 288.886 290.481 290.761 
130700 110.553 208.595 216.589 216.818 222.063 224.936 225.309 225.486 227.233 227.998 
371413 222.67 223.341 225.255 225.38 231.443 233.72 234.395 235.637 236.282 237.63 
85514 238.69 246.343 248.626 248.757 248.986 250.234 250.39 253.474 254.774 257.884 
923394 217.288 219.269 226.844 228.215 231.134 234.211 234.508 237.445 237.947 241.427 
404973 210.889 234.139 236.835 242.367 244.213 244.9 250.693 252.686 253.555 255.29 
830054 215.715 249.684 252.444 253.237 256.704 257.468 257.616 257.847 260.843 261.352 
323886 221.217 223.739 224.844 233.266 234.634 236.119 237.619 237.91 240.504 240.988 
155514 186 222.171 222.975 224.216 230.002 233.925 235.081 235.098 235.741 236.451 
21283 233.056 250.625 254.159 254.98 257.858 262.208 262.616 266.635 267.026 267.241 
669915 177.288 226.06 232.028 232.428 240.9 246.26 246.435 246.68 256.285 258.436 
113896 175.071 190.573 194.589 200.235 200.719 211.007 217.175 217.502 218.204 218.465 
852286 298.962 320.935 326.406 331.207 332.447 334.642 338.169 338.513 341.135 341.189 
770824 225.2 234.15 256.369 257.666 267.318 268.237 269.694 270.226 270.926 277.937 
670493 237.956 254.071 264.339 266.28 270.959 271.492 271.577 271.586 271.639 272.378 
11782 252.87 256.281 257.078 258.795 262.844 270.585 271.352 271.395 273.436 274.989 
812669 263.31 276.868 303.89 306.526 307.112 307.483 308.6 313.802 314.352 314.922 
108503 274.153 283.796 300.826 304.634 307.234 307.722 309.635 309.981 310.828 311.286 
426297 148.849 162.093 178.255 178.317 179.947 188.531 189.185 189.834 192.437 194.085 
140128 272.422 286.024 294.299 303.264 304.49 305.393 307.631 310.966 311.742 311.812 
305897 267.054 270.409 273.351 274.119 296.756 298.749 304.089 305.283 306.054 306.078 
20875 237.872 254.9 256.478 258.538 259.102 266.588 267.062 270.15 273.752 273.898 
357926 238.751 258.192 282.945 287.359 290.536 294.607 294.849 295.934 297.268 297.83 
101209 278.823 292.925 293.186 296.717 300.23 304.542 306.553 308.972 312.578 313.898 
341473 184.429 187.891 188.404 193.696 194.294 203.944 204.683 206.053 206.741 209.189 
284569 258.017 267.034 295.681 298.334 301.392 302.676 304.532 305.729 306.247 306.449 
488741 198.353 220.599 239.416 240.668 241.238 249.301 251.798 252.307 255.059 256.082 
81137 174.611 184.318 193.293 194.61 200.4 204.149 207.933 207.945 209.44 213.598 
998269 170.176 195.366 216.365 224.589 226.104 226.65 227.928 229.19 230.881 230.905 
295017 173.686 175.542 186.244 189.391 189.723 190.21 195.182 195.798 197.987 198.824 
827263 234.968 247.194 257.004 260.526 266.122 266.411 268.354 271.175 280.109 286.105 
988079 197.77 200.262 212.525 213.925 224.319 226.449 226.691 228.368 231.726 232.867 
899511 139.871 196.774 201.35 203.782 204.472 204.907 206.775 216.58 219.269 219.392 
138510 248.648 263.729 271.573 279.263 281.635 284.375 288.21 290.644 291.24 292.64 
750680 279.896 295.473 300.366 309.417 309.743 311.424 311.705 312.607 314.986 316.929 
842032 180.566 182.527 187.454 197.601 201.336 203.199 205.874 206.313 206.766 209.514 
741197 236.148 281.171 281.743 285.267 291.129 293.164 297.003 297.896 299.237 302.152 
362719 298.201 304.334 307.361 307.488 308.318 311.182 315.799 317.937 321.742 322.621 
101950 226.698 269.059 275.253 277.613 283.708 288.479 295.63 298.3 301.516 307.444 
781311 277.442 311.238 314.264 316.319 318.284 319.014 324.692 325.068 325.1 329.307 
923262 205.577 212.883 215.119 216.06 218.598 220.318 224.002 225.708 225.734 228.403 
941213 215.849 219.927 224.145 225.195 230.853 232.054 234.517 234.531 235.298 235.353 
126514 283.147 293.097 295.735 304.503 307.072 308.415 312.445 314.825 314.983 315.152 
750316 292.874 299.386 305.75 314.752 316.792 318.225 320.103 321.178 321.605 322.267 
366571 299.424 303.516 307.969 314.194 315.515 317.816 318.262 319.005 320.191 321.807 
815260 52.9245 64.1249 79.9062 89.3476 91.1318 99.935 124.391 128.588 129.294 130.61 
609857 247.136 250.831 253.411 253.896 258.271 259.278 259.607 265.733 268.784 270.039 
450857 264.38 273.134 289.482 292.701 293.481 306.011 309.701 312.704 313.842 317.184 
453948 272.522 273.254 273.682 274.419 275.184 277.987 279.752 282.687 287.83 288.61 
274320 221.628 234.1 241.427 245.002 246.585 250.966 252.291 253.484 254.572 254.908 
997628 240.441 256.624 261.576 267.834 272.43 272.969 275.561 277.636 278.102 278.252 
39656 282.53 283.905 293.16 294.954 296.061 297.7 300.93 303.257 305.107 313.882 
944072 241.048 264.242 276.899 278.853 280.444 285.253 287.164 287.165 291.235 294.168 
85881 247.724 321.336 324.147 328.148 330.126 332.713 337.47 337.948 339.283 342.861 
256073 203.826 246.093 266.019 273.611 273.761 275.527 278.273 278.329 278.706 281.954 
579070 202.778 203.875 211.296 212.118 220.554 223.741 226.625 227.194 228.132 229.789 
835087 181.364 217.979 218.335 223.052 224.673 225.854 226.473 227.846 230.809 231.545 
739985 217.157 228.094 240.008 247.18 264.009 270.193 278.853 279.603 282.154 284.22 
873152 263.511 276.212 284.025 284.561 294.114 308.43 308.835 313.763 313.81 313.866 
805979 307.644 310.29 318.008 322.718 324.296 326.092 328.977 331.574 331.904 334.512 
462430 286.292 301.912 310.532 329.895 332.983 334.362 336.51 338.991 339.651 340.686 
223486 214.005 216.901 217.313 218.518 227.387 227.48 227.521 231.562 231.726 233.23 
924623 250.464 260.142 270.97 271.627 273.205 273.311 273.538 276.449 277.119 280.453 
568878 229.772 249.319 257.713 266.734 302.286 302.69 312.541 314.298 326.891 333.377 
487075 243.594 245.943 246.566 259.06 259.557 260.369 260.737 262.57 262.975 263.034 
572610 190.798 192.447 194.204 195.89 199.088 203.85 204.924 206.763 207.029 208.329 
845641 257.039 261.652 263.93 267.578 272.23 272.965 274.341 275.982 276.427 276.451 
72312 263.264 271.133 276.689 286.356 286.726 287.11 295.659 299.204 299.635 300.153 
686906 248.302 251.764 253.407 253.779 254.533 258.411 261.006 261.408 265.394 265.998 
73501 222.223 222.616 232.517 236.43 237.441 238.636 240.822 241.495 244.839 245.043 
945497 222.454 225.38 228.002 231.881 235.695 236.804 243.504 243.777 245.569 246.593 
353164 275.766 285.501 291.331 299.953 301.992 303.364 304.747 305.265 305.678 306.289 
542667 286.852 288.614 301.821 302.866 303.274 303.572 304.521 305.364 307.592 309.55 
66462 121.388 276.215 298.684 301.43 302.767 307.075 309.784 312.304 318.482 318.556 
101942 246.605 259.235 262.545 271.301 274.789 282.768 285.542 287.757 288.749 294.362 
917832 236.654 251.1 251.682 253.164 253.795 256.961 258.252 260.188 260.743 261.425 
545571 233.756 235.026 238.717 241.386 245.088 246.639 248.566 251.046 251.1 252.315 
724350 251.798 253.789 254.281 256.189 257.121 257.496 258.056 260.211 264.996 265.66 
518106 195.497 199.665 203.354 205.115 205.258 205.477 206.211 211.301 214.29 215.26 
151851 187.846 190.36 197.142 203.595 204.01 206.136 207.897 209.423 209.652 210.442 
503085 171.91 190.767 195.354 199.785 202.035 202.635 203.229 205.538 205.774 206.502 
184658 269.143 285.438 293.588 293.66 293.842 294.221 300.714 303.868 305.612 308.759 
634148 215.128 225.195 233.771 234.774 237.017 237.08 237.363 237.552 237.655 238.151 
167920 278.218 280.05 280.925 282.867 289.356 290.837 298.839 300.005 300.295 301.392 
902498 280.223 288.239 294.754 300.495 303.048 303.449 303.638 308.323 308.448 310.5 
829059 133.6 139.789 140.221 140.794 141.545 141.838 148.809 149.506 150.366 151.44 
55731 154.422 170.485 174.066 175.017 175.294 176.153 180.189 181.138 181.262 183.049 
330302 314.194 323.637 325.55 326.607 327.489 328.719 329.783 330.893 334.037 334.429 
167416 263.86 271.987 280.558 280.795 284.121 284.48 284.623 285.687 288.276 289.021 
853542 230.141 233.041 233.66 238.759 241.793 241.837 242.349 245.214 246.8 247.049 
447176 44.7996 49.8698 50.4876 65.7267 70.9789 75.71 76.531 77.8267 80.2683 80.5109 
575071 162.145 167.672 167.917 175.505 177.085 178.081 178.269 178.55 179.14 179.168 
785842 290.663 304.235 312.138 318.598 318.602 320.365 320.958 321.149 322.357 322.741 
625427 240.716 247.913 249.004 253.486 261.299 267.428 269.346 276.393 278.672 280.216 
186572 203.696 214.926 219.782 224.357 226.85 229.502 232.712 233.315 238.225 238.619 
790475 277.651 285.608 289.078 295.576 296.128 296.604 298.153 301.161 303.013 305.075 
660756 235.304 237.398 243.025 248.652 249.365 250.539 251.09 253.842 258.617 261.937 
874386 250.402 252.521 265.731 273.677 278.129 278.209 281.329 285.291 286.031 288.63 
579758 214.863 215.012 215.4 216.143 222.034 225.77 226.998 228.383 228.541 234.853 
571272 70.9084 77.3822 84.4985 85.2702 89.3141 89.6716 91.1208 91.3126 92.2876 95.8958 
255496 217.032 260.227 262.918 266.179 266.683 266.77 266.875 273.998 274.483 274.687 
131612 255.276 288.976 289.064 290.124 294.145 296.746 296.754 297.4 298.233 298.6 
612775 297.814 312.516 312.528 315.56 319.839 325.526 327.565 335.71 335.731 336.546 
126824 269.954 293.571 299.027 308.964 311.023 311.952 315.793 315.948 316.71 317.315 
715721 243.154 249.938 267.159 267.597 272.628 274.78 280.692 280.941 285.998 287.362 
485623 205.254 225.271 227.458 227.561 230.521 234.066 234.738 235.777 236.825 237.28 
646515 218.38 239.493 249.944 259.368 268.492 269.915 270.533 278.099 281.444 282.138 
396968 157.299 197.732 202.998 209.948 213.942 216.285 221.242 226.241 230.976 232.09 
287438 280.888 290.041 298.516 307.311 308.274 311.833 313.337 316.466 318.953 320.35 
973254 279.258 286.246 292.505 296.511 301.31 301.524 301.733 304.92 305.93 312.811 
944439 274.047 291.391 291.561 292.306 292.617 293.131 296.23 296.96 299.022 299.683 
643771 258.186 261.784 272.017 279.005 285.067 287.706 287.87 291.889 293.632 296.567 
993091 226.533 240.799 250.296 261.582 266.723 281.604 286.646 289.891 292.086 294.138 
690921 230.913 251.332 258.826 258.884 275.792 280.104 284.686 285.228 285.377 285.846 
709762 218.941 225.542 230.046 235.538 236.142 243.411 245.652 250.673 255.409 257.762 
206594 276.27 286.603 291.381 300.052 303.979 304.733 310.862 312.85 313.171 314.108 
35247 272.439 323.166 325.814 331.791 335.23 340.664 341.822 346.833 347.091 347.904 
891595 261.633 263.253 266.762 270.094 274.106 274.558 274.631 278.052 278.876 279.086 
233549 169.997 231.126 231.64 232.454 233.681 243.271 248.421 250.228 257.274 262.964 
42509 248.351 259.709 262.109 267.987 272.778 273.865 277.272 281.713 282.245 283.51 
901050 270.782 273.379 279.238 283.768 284.881 289.551 291.259 291.366 292.002 294.647 
53380 245.204 252.349 256.949 257.921 261.272 265.827 272.118 273.26 273.512 273.841 
117303 229.103 261.882 267.013 286.327 286.5 288.425 290.88 292.265 294.837 296.788 
162990 242.714 246.808 257.229 268.159 268.241 270.07 270.316 271.339 271.945 272.053 
