522952
666337
530795
978739
753266
439455
620509
69194
953328
779179
749817
132417
646697
594639
315534
854542
256767
553493
442545
68314
136937
893290
584299
315248
545911
945328
766027
143441
623304
907432
74934
567621
534788
868852
251176
286925
147719
839129
847085
616418
978071
350541
821490
27190
161923
16158
561123
759839
769447
106452
93339
297200
321456
127019
680033
349302
76752
952858
480777
306977
793376
638006
130351
945722
413373
123502
590930
947452
425786
283419
788941
427458
8450
74125
194430
316147
419730
593677
873945
315887
884893
564611
160841
416210
501436
910082
851190
365179
347654
87338
533212
922266
400210
762336
523741
302897
515154
392044
433356
553106
274092
712249
621088
453215
675314
240714
926416
933830
644608
314483
805249
685207
700953
399415
773020
258433
922343
241992
406743
985732
413958
827808
263845
169187
812513
87874
220101
27697
385474
64431
961376
259443
451068
360229
33946
938221
898027
575802
484112
237373
296493
37616
193797
950478
681999
695467
941588
485358
558521
769638
948745
97811
307002
867406
823738
391668
268763
46644
864923
341157
667347
780314
508894
472091
863517
754871
830633
528150
479619
296265
692400
196861
220953
125582
359284
909388
614808
695918
142798
497205
327241
673557
746702
252091
830603
160295
224667
116738
547683
143574
344461
748003
136811
795080
20647
922721
770242
80734
69265
194247
63404
52049
91147
379872
298121
20008
405612
864522
677654
824563
104505
176449
634940
477997
795676
114063
266422
629836
587200
672380
929678
313217
230388
50128
106673
125212
236686
752900
345003
973715
418661
518404
550183
142953
543156
57643
158576
268926
542591
652250
794331
860529
34881
641318
445444
971969
259918
22334
771176
46701
453497
160142
201247
27053
976832
496660
992827
341007
170475
357459
896447
288814
851306
948139
296379
217884
677822
486731
813857
470006
768786
788152
854902
4766
104060
507510
963469
247676
65611
397468
645
509053
391949
74825
533321
567464
751297
330035
773991
442807
700511
854219
570243
628484
479008
269166
378712
808186
685994
545361
864776
108607
74756
68027
946119
870769
823321
374334
216344
419138
832440
773673
901852
206744
97935
931787
916847
184543
580651
379719
935570
21228
944439
939907
464172
431740
128893
925783
697713
142137
432775
614524
245822
785926
855866
193271
351307
162384
49502
934279
801060
679577
695779
364548
141440
622420
569817
859411
272916
427738
231258
836682
538690
740703
36928
950621
26991
127942
391042
803885
391609
806639
33084
416774
382185
435210
494632
29378
675989
881127
453396
987103
611879
433282
43963
323803
472740
550414
274240
807915
700685
723060
153885
123719
569554
457479
129205
307225
24170
152320
110263
678280
349789
604626
832581
543603
856186
85243
644014
22619
197671
132464
589097
628524
160160
247180
662767
864406
804826
766731
561310
460379
630152
616266
357823
860071
453949
16254
295303
959929
616913
185010
947503
61896
358328
852707
827445
472367
82938
777915
970970
229377
722717
518099
397810
224944
77528
574234
55113
990858
538802
523565
822041
285894
98430
933116
352429
585176
381627
216033
98970
696896
788432
607899
923827
469263
648169
453948
391950
197560
628835
301833
388779
419784
553667
880231
734149
580716
744215
890923
992253
887688
446863
544632
496983
962019
972865
521129
527198
204000
838720
148909
425999
225015
283701
43392
510267
844423
481512
967189
561124
755555
137378
936425
465451
460626
124330
128022
957515
698683
111634
366311
543561
119392
13874
307951
158604
591396
479517
740518
436188
670350
620979
305438
425322
486923
414097
636914
518366
897115
614076
653167
587484
405684
627807
667288
371671
942990
545359
857523
352955
374157
415542
210489
296928
409408
867452
79323
416592
384737
333605
167072
270645
410529
134087
377380
983260
132284
498454
853878
711913
691011
268890
348122
481850
740246
626238
105565
683229
527409
875465
859636
882025
687727
424986
972826
290638
925573
695194
71415
120915
46742
365077
727033
791568
575108
464592
553485
293737
328249
122260
585706
326770
452214
588214
88017
920894
554912
124291
662162
136073
652143
13834
931514
217809
491115
97272
189266
713334
59046
136261
109681
525902
579326
505439
714347
700712
882195
548152
336938
311224
310996
709797
621648
284837
663478
198914
115637
588680
828589
482751
225350
961281
282585
260701
350222
100019
784011
691355
296021
777157
293117
694843
571047
258187
147175
712716
950918
437375
78846
269013
763949
29569
672817
632696
689230
814852
30000
662250
82825
406296
862272
785533
794675
843943
200726
276775
489517
689581
648726
752766
85396
462974
70121
767103
203356
35392
732776
928366
690846
548086
410656
741628
882524
3116
471205
29023
980788
964865
294723
802759
285502
432386
432105
906595
643971
312327
129543
156112
11667
316704
793095
790699
290800
701945
549356
415872
266453
50765
494978
794926
635818
839214
405732
332303
794196
537140
54584
612149
478130
531340
324337
482555
165760
824556
46402
16724
677792
223723
457106
962059
622993
50282
448253
269265
233549
297582
552342
770153
572399
40102
220333
523171
765792
234428
382654
174139
265095
672618
506886
942356
195555
87358
909220
75904
157860
320020
787138
631400
237297
868377
210340
326317
687947
335081
186135
842892
761584
195830
479917
381881
568707
371878
204053
613228
790812
297629
175531
584308
982365
366238
61493
876212
243079
511300
182722
821317
276222
342584
109689
637925
679064
67786
156828
914506
136250
671682
579116
604552
642562
269943
30196
186639
315868
622753
345558
556054
2682
782482
418295
569499
177190
143762
683685
800180
650622
272097
46955
20268
624910
762514
260762
746464
394395
234097
631619
150604
703258
141359
384442
179448
494205
573238
568509
175734
384261
999212
882492
394091
208030
417750
989840
90378
273546
364429
977860
732270
806588
911030
170589
207879
813711
276929
706010
634051
961667
782409
400022
40000
130457
184969
422689
21283
81303
530855
556274
496122
374414
318451
742988
190746
918433
87695
783335
940526
531953
905579
979614
136031
161906
907943
431106
423418
581567
183328
593278
31012
629753
281405
970101
475989
275557
229096
954672
420828
19196
894584
546693
344930
116670
649482
572858
381385
58371
235964
175866
165161
688097
831240
872366
372837
619793
683627
762401
925192
967829
660330
577718
946302
968635
384776
570634
877876
412908
736661
812757
101803
688640
811677
240056
481905
687674
504019
966737
721438
520683
75424
904761
362719
51569
867759
499354
380707
459291
297126
660412
393253
200253
417658
83866
743480
193892
937773
228706
866397
429241
61091
146466
2142
503743
278099
909914
574069
909980
775691
926555
491256
468548
763753
880238
659227
393008
902498
162728
638290
505834
417682
555742
77524
943074
439132
34439
412557
470994
211432
744715
271155
439314
795930
83470
743260
384321
928188
746915
300880
395102
481080
486499
274327
97083
720357
357114
876847
941213
756754
810347
348596
658327
102827
882447
