657.393 661.888 662.572 668.753 670.483 670.516 672.237 672.499 674.913 676.645 
314.449 319.32 324.769 333.063 334.515 336.651 337.58 338.47 338.582 340.708 
269.388 272.918 279.079 285.244 285.808 287.689 288.125 288.328 289.809 290.264 
542.461 577.988 581.382 584.723 593.317 600.879 603.218 606.153 609.74 613.575 
550.69 597.07 600.088 600.136 604.675 607.619 609.303 609.322 609.952 610.275 
610.325 637.332 641.266 642.135 644.234 647.011 649.042 650.333 650.584 651.871 
574.397 592.186 594.992 595.244 605.622 607.204 608.166 608.37 614.377 618.261 
522.577 538 549.206 568.713 581.844 588.156 589.211 591.187 594.1 597.695 
628.689 636.1 637.635 646.225 656.81 659.25 659.64 664.269 665.27 665.607 
647.097 648.085 649.852 651.985 654.701 655.229 656.418 657.718 659.554 663.181 
287.075 293.416 306.304 313.708 320.871 321.375 327.243 331.773 337.603 340.392 
360.129 361.256 361.866 366.253 369.352 372.661 374.187 376.542 376.652 377.298 
488.346 513.92 514.739 539.625 543.583 544.209 550.788 561.362 562.499 566.928 
574.761 575.455 576.545 580.19 581.693 602.097 602.282 609.034 609.224 609.539 
532.819 608.403 615.486 621.292 624.794 627.21 627.74 631.454 631.481 632.444 
233.529 242.345 244.231 246.191 249.682 271.487 272.619 273.234 275.723 277.906 
322.137 323.64 323.921 325.361 325.387 326.276 329.977 332.163 334.715 335.289 
569.633 577.034 601.868 603.387 604.433 607.013 610.061 613.774 614.837 615.793 
266.293 267.864 269 269.227 278.618 281.183 283.074 283.512 283.813 286.801 
631.496 633.898 639.429 651.691 655.778 656.496 657.78 660.598 668.29 670.403 
338.24 344.417 354.205 354.545 356.415 363.107 365.112 366.242 367.5 369.74 
625.537 626.741 626.951 630.106 636.244 637.246 639.228 639.934 640.952 643.928 
651.028 652.547 655.968 657.579 658.435 658.442 658.522 659.227 663.034 663.687 
318.448 318.727 318.848 320.156 322.732 324.426 325.017 327.928 328.892 332.333 
382.462 388.808 402.611 402.62 403.186 403.816 403.913 407.522 408.815 414.008 
598.037 604.672 610.977 611.564 613.831 617.36 619.292 619.622 621.895 621.986 
595.157 615.683 617.365 620.088 629.245 639.604 639.885 640.097 640.721 640.888 
475.636 507.169 512.259 513.899 534.112 539.869 544.559 544.633 570.885 572.508 
514.343 524.976 564.424 578.873 585.197 585.398 587.399 590.583 595.649 602.147 
288.709 303.041 310.218 320.603 321.47 322.848 324.396 324.962 325.552 327.536 
311.88 322.079 327.515 329.838 332.761 336.253 336.332 336.421 342.576 343.048 
327.339 351.167 354.038 355.004 357.406 357.845 358.71 360.398 362.953 363.229 
256.143 263.215 279.299 284.102 284.551 285.647 285.858 286.052 288.385 289.14 
587.919 607.824 611.225 614.688 615.808 616.235 617.595 617.595 618.319 619.927 
532.303 563.204 565.586 579.304 579.351 586.377 589.58 593.443 600.084 601.007 
357.463 366.332 366.565 369.556 369.763 370.505 375.887 378.213 379.385 383.476 
653.11 654.779 656.078 659.737 660.924 663.729 668.157 668.801 670.088 672.974 
595.765 606.871 611.634 613.044 621.708 622.876 624.527 627.188 628.205 629.025 
524.491 548.717 572.589 595.628 609.007 609.059 609.595 614.111 614.913 615.319 
596.877 599.381 601.811 602.654 605.798 605.866 608.296 611.241 613.758 616.32 
553.281 562.928 568.114 574.24 582.311 591.414 593.945 594.36 594.601 596.016 
259.041 292.452 293.411 297.827 298.258 304.013 305.334 308.921 311.278 312.016 
289.401 289.912 305.647 306.114 307.638 308.063 309.401 310.451 313.493 318.749 
282.082 283.623 285.47 287.654 288.747 294.78 297.74 301.418 303.447 304.168 
327.211 330.203 338.798 339.926 349.42 350.023 351.271 352.715 353.142 353.205 
531.874 559.199 566.164 574.248 576.837 589.477 601.542 606.226 607.412 609.813 
598.089 598.177 602.788 609.379 611.822 613.303 616.689 616.889 617.845 618.334 
550.115 564.612 585.783 597.166 609.698 620.171 624.551 624.767 627.274 628.775 
607.386 614.776 620.95 626.567 627.059 627.62 629.919 632.552 634.241 634.866 
583.727 588.247 588.547 593.56 594.263 595.588 608.764 609.816 611.256 613.47 
577.672 614.841 621.912 630.375 633.043 635.766 638.618 638.902 639.679 640.167 
311.132 318.914 320.1 320.696 335.133 335.708 338.618 339.888 340.872 341.583 
543.487 553.912 556.989 557.361 563.058 565.84 573.837 583.261 583.87 585.495 
560.02 566.212 569.137 569.922 575.263 576.433 577.664 580.668 583.981 585.706 
569.884 570.598 576.602 585.85 586.85 588.294 589.992 591.54 591.697 593.179 
567.134 595.379 595.93 596.957 598.12 603.67 604.863 605.527 606.374 606.436 
231.579 241.388 246.605 250.551 252.638 253.33 257.674 258.006 259.372 262.914 
305.881 309.529 310.971 312.581 316.64 323.28 327.606 328.2 330.737 331.69 
311.817 312.384 315.487 321.156 322.52 324.805 327.492 328.407 328.411 328.894 
559.501 588.78 607.506 608.113 608.522 611.884 614.787 614.889 616.555 616.68 
536.461 558.031 598.734 606.254 610.394 618.286 619.601 620.437 621.876 623.006 
236.584 237.807 242.656 243.557 244.016 248.345 252.161 254.553 255.008 257.274 
563.215 590.408 626.789 627.522 637.926 643.514 647.246 650.92 651.603 652.29 
514.294 534.656 558.047 579.735 587.856 591.544 592.433 592.578 595.68 596.226 
570.112 570.542 572.906 578.298 594.37 595.165 597.65 598.368 598.736 600.319 
517.292 544.378 562.639 566.877 569.429 570.003 571.847 572.324 574.201 578.764 
504.016 541.148 552.168 557.953 560.737 575.265 577.309 579.174 579.446 579.577 
491.441 517.733 552.521 564.876 565.044 568.045 570.003 572.389 579.538 581.677 
623.801 625.51 625.602 628.983 629.87 639.87 641.317 650.749 652.419 652.796 
277.753 326.93 331.414 339.832 341.317 342.422 347.58 348.07 350.658 352.745 
322.205 325.137 328.087 329.079 329.21 332.829 334.001 334.894 335.155 335.333 
392.084 393.402 400.226 400.652 404.98 406.417 407.069 407.471 407.7 407.898 
342.092 354.821 360.361 360.727 364.124 368.808 370.563 372.145 372.696 373.315 
354.202 364.938 389.116 390.669 396.314 404.486 408.77 416.511 417.115 417.298 
569.481 571.887 585.566 609.521 615.072 617.259 617.407 624.167 630.618 632.429 
629.175 634.915 647.813 649.104 651.769 652.511 654.914 656.635 659.042 659.357 
411.298 439.328 475.643 477.3 489.063 490.314 491.292 499.923 501.357 501.481 
310.651 315.454 317.088 319.714 320.935 322.991 323.404 325.308 332.059 334.858 
575.026 585.229 610.103 616.994 643.361 643.445 648.663 649.703 650.328 651.017 
568.085 569.089 571.232 589.377 589.601 596.99 606.652 609.943 614.844 616.86 
570.688 589.238 606.828 607.381 625.445 636.039 641.197 644.23 644.904 647.618 
325.831 328.215 328.565 328.696 329.72 332.369 332.444 338.788 339.009 339.442 
162.034 167.302 168.716 172.563 173.306 173.767 174.68 175.553 176.043 176.114 
279.14 299.565 305.82 306.501 315.858 319.316 327.246 327.947 328.318 328.856 
420.399 429.528 435.767 437.259 439.894 444.041 444.954 448.377 453.387 455.145 
298.682 307.984 309.1 309.855 310.883 311.801 313.246 319.227 320.034 320.674 
491.008 495.628 499.133 543.389 546.054 547.071 549.824 552.61 554.143 554.738 
506.749 544.308 559.897 583.254 583.499 594.771 609.044 609.533 610.492 613.877 
316.959 331.92 335.921 338.3 339.463 341.409 348.19 354.13 359.694 360.172 
312.823 334.939 339.71 341.371 343.398 344.311 348.497 349.538 350.031 351.157 
251.11 280.975 285.816 289.142 291.642 292.641 294.618 298.417 301.563 307.208 
645.198 645.49 646.149 647.333 648.908 649.49 656.454 664.227 669.063 670.828 
255.703 258.362 258.521 260.177 269.468 270.126 274.529 275.018 280.674 280.68 
226.932 263.148 268.364 277.523 280.843 282.005 282.427 285.881 287.649 288.799 
613.883 617.134 619.56 624.811 626.085 629.607 629.678 630.692 630.806 631.338 
309.388 310.949 317.759 322.963 328.332 338.16 338.661 340.206 340.908 341.966 
349.229 444.176 457.904 458.529 459.271 460.816 461.14 461.631 464.113 465.354 
321.566 322.309 329.226 331.678 334.425 335.392 335.722 338.556 342.275 343.271 
575.621 579.422 584.368 589.577 591.657 592.244 596.588 597.271 618.968 619.618 
217.839 228.25 233.257 236.601 237.508 242.182 243.783 248.01 250.829 253.801 
