482.68 484.681 488.675 490.826 499.636 500.742 500.813 506.979 512.38 514.215 
314.449 315.934 318.338 319.32 321.106 321.682 323.313 324.275 324.597 324.769 
258.207 263.484 267.729 269.388 270.326 272.327 272.831 272.918 273.532 273.852 
465.778 480.891 482.225 483.618 485.203 487.075 487.537 487.837 489.894 490.369 
435.022 449.032 472.927 474.755 479.163 490.538 493.979 494.225 495.408 497.801 
449.157 467.603 471.088 486.859 493.263 494.321 500.485 505.028 507.285 509.938 
194.81 201.112 201.179 201.693 474.594 505.122 510.845 513.926 514.024 525.15 
417.688 420.639 423.391 431.953 433.862 435.463 436.401 438.73 441.728 445.609 
214.956 431.943 496.34 502.009 515.965 530.037 546.237 549.424 550.384 552.634 
448.63 452.913 463.092 471.153 474.443 476.869 477.204 477.278 478.405 482.059 
268.598 280.592 280.694 287.075 288.815 290.527 291.661 292.597 293.416 293.53 
329.088 351.283 353.658 354.62 356.173 356.672 358.632 359.039 359.962 360.129 
413.434 415.108 416.465 421.408 425.59 430.607 431.819 445.939 446.019 449.345 
471.95 519.139 522.309 524.54 525.888 527.171 529.043 535.437 536.449 538.778 
452.374 452.809 454.142 468.672 469.14 469.799 471.052 476.904 476.952 481.164 
221.497 222.495 224.457 225.923 228.534 228.845 229.155 233.529 233.921 234.401 
322.137 322.206 323.64 323.921 325.361 325.387 326.276 326.438 326.986 328.069 
480.199 496.176 496.823 497.178 510.441 514.937 521.109 525.93 529.112 529.202 
263.534 266.293 266.869 267.628 267.864 269 269.227 269.314 272.714 275.853 
464.192 471.191 474.88 489.987 495.355 503.901 507.55 511.153 515.171 519.971 
324.572 334.037 334.084 334.891 336.678 337.423 337.549 338.24 339.762 340.692 
456.56 465.422 466.274 471.255 472.951 480.567 483.569 486.005 500.025 500.115 
413.952 415.34 417.135 434.878 446.55 448.894 450.755 466.415 473.07 474.966 
314.465 317.181 318.448 318.727 318.848 320.156 322.732 324.074 324.426 325.017 
382.462 388.808 392.924 398.624 402.611 402.62 403.186 403.816 403.913 404.297 
483.693 495.733 526.102 531.443 532.582 533.89 536.063 536.069 540.128 541.094 
456.009 485.408 486.353 492.387 495.491 498.392 499.155 504.483 513.007 513.696 
381.497 382.872 389.584 398.763 404.545 409.498 409.979 411.582 419.615 422.96 
387.518 388.952 392.011 393.421 396.36 434.242 436.135 436.905 439.745 443.019 
288.709 303.041 310.218 314.353 314.998 320.603 321.47 322.332 322.644 322.774 
293.073 294.286 295.511 311.687 311.88 312.067 313.107 313.433 314.323 316.416 
326.913 327.339 335.519 338.696 341.491 341.943 342.815 342.94 342.945 343.322 
238.925 239.656 240.68 251.229 253.565 256.143 261.17 261.19 263.215 264.407 
406.657 447.533 455.425 481.196 481.229 485.722 486.768 491.273 491.803 492.817 
421.719 427.069 436.595 444.716 446.941 457.382 459.216 461.037 467.503 470.121 
291.342 304.138 308.042 309.152 325.513 325.727 326.821 328.215 330.625 330.634 
95.3939 105.759 109.371 111.853 112.632 115.091 117.179 117.55 118.309 119.26 
466.344 497.899 504.059 517.9 529.616 531.377 533.289 537.275 543.776 544.443 
426.17 434.784 438.893 450.709 459.078 461.682 463.197 465.121 469.871 479.903 
476.444 511.262 512.924 540.277 541.615 541.779 542.195 544.113 553.656 556.396 
365.564 365.728 371.586 386.273 388.287 390.164 390.689 391.789 396.682 399.282 
226.082 239.017 245.169 245.379 249.548 252.147 253.486 255.171 255.19 255.691 
256.061 264.554 267.957 269.167 270.207 273.872 277.034 277.074 280.617 284.035 
262.479 270.133 272.299 273.779 273.953 274.896 275.278 275.897 276.297 277.217 
325.309 327.211 330.203 334.121 335.304 336.541 338.798 339.22 339.397 339.926 
103.175 409.089 430.724 431.543 434.056 439.114 440.551 443.621 445.016 446.461 
439.787 449.387 449.981 454.835 464.649 468.62 475.321 479.349 483.924 484.738 
415.517 477.697 487.301 497.252 503.245 506.802 508.949 509.71 510.203 513.248 
503.793 510.395 521.85 543.71 548.321 549.444 550.331 552.039 552.844 556.64 
455.309 468.94 470.26 482.939 484.608 486.717 487.148 488.458 492.624 492.647 
193.884 208.876 212.466 502.761 523.005 525.485 527.818 529.986 538.542 539.039 
289.924 307.19 308.172 311.031 311.132 312.442 312.922 313.917 317.542 317.624 
373.295 440.362 441.477 442.374 443.875 446.942 448.134 449.04 450.834 452.43 
474.453 493.616 498.505 499.337 505.869 509.979 510.36 513.778 514.652 514.993 
471.309 477.1 486.423 493.052 494.681 495.28 498.084 498.736 503.468 515.157 
416.473 445.286 448.048 450.53 456.654 464.016 469.923 470.052 478.152 480.462 
205.188 221.572 225.355 227.682 231.045 231.579 232.744 234.759 235.289 236.364 
262.471 284.062 288.777 292.156 292.496 292.515 294.391 295.161 295.669 296.022 
295.313 297.817 307.977 308.9 310.506 310.506 310.506 311.016 311.817 312.384 
399.551 403.388 424.226 428.293 432.697 434.276 437.331 439.577 445.172 453.417 
381.235 397.055 409.859 413.696 417.034 419.8 442.513 448.977 449.417 450.823 
223.222 228.926 230.315 231.694 234.209 234.672 235.353 236.584 237.164 237.807 
410.691 423.163 434.333 454.6 464.061 467.732 485.877 487.604 487.735 490.609 
397.374 406.648 449.578 470.24 475.775 485.763 492.639 495.76 498.871 502.444 
479.167 497.957 525.934 526.514 535.792 539.717 544.026 547.937 550.486 551.614 
458.378 460.367 462.168 469.758 473.708 474.92 478.716 480.198 480.51 481.631 
323.88 325.98 331.116 341.514 344.664 368.798 376.601 388.187 400.642 404.669 
367.897 378.735 387.028 392.303 400.812 405.736 413.599 413.806 415.159 420.816 
189.621 194.54 197.788 203.941 468.422 479.488 493.654 537.079 540.133 542.556 
274.822 275.715 277.753 278.781 286.538 295.276 296.704 300.128 300.28 302.501 
280.054 285.142 286.161 288.17 289.128 289.633 289.967 292.686 292.689 293.735 
374.307 390.056 390.377 391.106 391.865 392.084 392.449 393.402 393.915 394.668 
306.119 314.795 317.241 323.145 323.297 329.542 329.712 331.821 332.697 334.825 
364.938 385.006 389.116 390.669 396.314 398.203 404.486 408.77 411.072 411.203 
415.448 422.025 427.076 429.405 430.863 434.703 437.615 443.26 445.038 446.925 
433.976 446.449 448.343 448.511 451.331 455.501 472.887 473.257 476.098 477.26 
367.679 368.607 369.598 374.166 378.798 386.404 393.709 394.601 395.151 398.985 
295.015 305.416 310.651 310.678 310.998 311.272 312.223 313.531 313.712 313.922 
437.114 461.292 477.688 481.503 484.192 485.399 487.152 489.198 489.445 493.24 
465.07 489.37 489.728 498.603 500.194 502.457 502.738 506.182 507.556 510.606 
477.421 481.211 488.169 490.904 493.707 497.845 503.198 507.012 507.494 512.502 
304.872 305.691 312.995 313.174 315.675 316.383 323.796 324.296 325.693 325.744 
135.359 146.67 149.02 149.973 152.47 154.211 156.32 157.328 157.572 158.436 
279.14 281.075 281.583 281.736 283.963 284.911 285.365 291.302 293.331 294.104 
346.578 351.673 351.784 357.105 358.197 370.795 375.743 380.802 389.542 393.788 
282.131 283.217 291.359 291.414 291.486 291.686 294.727 295.18 295.674 297.474 
402.139 403.15 407.497 413.276 414.237 422.291 423.037 423.778 425.092 426.154 
438.132 443.014 443.523 447.285 447.61 447.689 451.113 454.807 460.982 463.844 
314.759 316.959 317.268 318.613 322.222 322.669 328.332 328.786 329.484 329.801 
296.203 300.02 300.318 300.623 302.828 304.168 305.264 307.687 310.089 311.363 
241.257 248.779 251.11 252.305 255.934 257.938 260.117 264.148 265.733 266.257 
189.671 189.995 191.102 193.267 195.9 196.128 196.324 197.16 201.017 201.291 
251.788 255.703 258.362 258.521 260.177 262.137 269.468 270.126 270.935 271.647 
226.932 255.99 256.517 256.998 258.271 259.665 260.065 261.082 262.916 263.148 
425.276 447.975 454.028 467.536 469.115 473.16 473.394 478.884 486.133 488.604 
280.161 292.604 292.638 294.927 298.56 299.978 300.005 300.456 304.046 305.044 
444.176 452.769 453.944 454.619 454.671 455.489 456.518 457.797 457.904 458.529 
275.893 283.926 291.371 294.012 295.868 296.614 297.535 301.083 306.503 307.151 
466.383 502.383 504.187 504.672 504.95 505.463 506.974 508.315 510.62 513.39 
217.839 228.25 230.135 233.257 236.601 236.886 237.508 237.518 238.032 238.107 
